0.696970 0.060606 0.242424 0.000000
0.333333 0.090909 0.272727 0.303030
0.242424 0.484848 0.212121 0.060606
0.060606 0.515152 0.121212 0.303030
0.090909 0.060606 0.787879 0.060606
0.545455 0.000000 0.121212 0.333333
0.121212 0.121212 0.060606 0.696970
0.242424 0.363636 0.303030 0.090909
0.757576 0.030303 0.212121 0.000000
0.090909 0.000000 0.060606 0.848485
0.484848 0.515152 0.000000 0.000000
0.121212 0.242424 0.272727 0.363636
0.000000 0.151515 0.666667 0.181818
1.000000 0.000000 0.000000 0.000000
0.181818 0.696970 0.000000 0.121212
0.181818 0.393939 0.151515 0.272727
0.454545 0.090909 0.303030 0.151515
0.333333 0.121212 0.242424 0.303030
0.151515 0.484848 0.000000 0.363636