MEME version 4.11.2

ALPHABET= ACGT

strands: + -

Background letter frequencies (from unknown source):
A 0.157 C 0.343 G 0.343 T 0.157

MOTIF 1

log-odds matrix: alength= 4 w= 19 E= 4.2e-033
   215   -250    -50  -1169
   108   -191    -33     94
    62     50    -69   -138
  -138     59   -150     94
   -79   -250    120   -138
   179  -1169   -150    108
   -38   -150   -250    215
    62      9    -18    -79
   227   -349    -69  -1169
   -79  -1169   -250    243
   162     59  -1169  -1169
   -38    -50    -33    121
 -1169   -118     96     21
   267  -1169  -1169  -1169
    21    102  -1169    -38
    21     20   -118     79
   153   -191    -18     -5
   108   -150    -50     94
    -5     50  -1169    121


letter-probability matrix: alength= 4 w= 19 nsites= 33 E= 4.2e-033
0.696970 0.060606 0.242424 0.000000
0.333333 0.090909 0.272727 0.303030
0.242424 0.484848 0.212121 0.060606
0.060606 0.515152 0.121212 0.303030
0.090909 0.060606 0.787879 0.060606
0.545455 0.000000 0.121212 0.333333
0.121212 0.121212 0.060606 0.696970
0.242424 0.363636 0.303030 0.090909
0.757576 0.030303 0.212121 0.000000
0.090909 0.000000 0.060606 0.848485
0.484848 0.515152 0.000000 0.000000
0.121212 0.242424 0.272727 0.363636
0.000000 0.151515 0.666667 0.181818
1.000000 0.000000 0.000000 0.000000
0.181818 0.696970 0.000000 0.121212
0.181818 0.393939 0.151515 0.272727
0.454545 0.090909 0.303030 0.151515
0.333333 0.121212 0.242424 0.303030
0.151515 0.484848 0.000000 0.363636