0.391026 0.115385 0.391026 0.102564
0.314103 0.185897 0.237179 0.262821
0.365385 0.282051 0.000000 0.352564
0.326923 0.070513 0.288462 0.314103
0.384615 0.000000 0.525641 0.089744
0.096154 0.032051 0.179487 0.692308
0.179487 0.705128 0.051282 0.064103
0.365385 0.275641 0.269231 0.089744
0.012821 0.166667 0.512821 0.307692
0.794872 0.108974 0.000000 0.096154
0.121795 0.185897 0.032051 0.660256
0.192308 0.173077 0.519231 0.115385
0.769231 0.006410 0.051282 0.173077
0.282051 0.057692 0.153846 0.506410
0.141026 0.666667 0.000000 0.192308
0.358974 0.115385 0.365385 0.160256
0.057692 0.397436 0.320513 0.224359
0.506410 0.301282 0.019231 0.173077
0.179487 0.365385 0.070513 0.384615
0.198718 0.403846 0.128205 0.269231
0.307692 0.128205 0.397436 0.166667