#pattern name	sequence name	start	stop	strand	score	p-value	q-value	matched sequence
1	4792100	238	252	+	21.0118	1.26e-08	0.000202	AGATGTAAATATGAC
1	1538675	229	243	-	20.9647	1.34e-08	0.000202	AGCTGAAAATATGAA
1	1483575	264	278	+	20.6941	1.86e-08	0.000202	AACCGATAATCCGAC
1	1813075	251	265	-	19.0824	1.1e-07	0.000898	ACCTGTTCATATGAC
1	4798225	248	262	+	18.6706	1.66e-07	0.000915	AGGCGTAAATATGAC
1	1574875	244	258	-	18.5176	1.92e-07	0.000915	ATCTGTTGATCCGAT
1	1446675	227	241	+	18.4353	2.07e-07	0.000915	GAGCATTAATATGAA
1	1446675	232	246	-	18.3529	2.24e-07	0.000915	ATGCATTCATATTAA
1	3340175	242	256	+	17.8235	3.69e-07	0.00134	ATCCGATGATCCGAT
1	4056750	240	254	+	17.4353	5.24e-07	0.00169	AAGTGAAAATACGCA
1	7472425	261	275	+	17.3412	5.7e-07	0.00169	AAAGGATCAGATGAC
1	1438525	270	284	+	16.4118	1.25e-06	0.0034	AATTAAAAGTACTAC
1	3340175	242	256	-	16.2353	1.45e-06	0.00363	ATCGGATCATCGGAT
1	4990825	249	263	-	15.9176	1.86e-06	0.00434	ATCCGTCAATCCGAT
1	7962850	237	251	-	15.6824	2.24e-06	0.00487	TACTGATAATATCCA
1	4776750	255	269	+	15.5294	2.53e-06	0.00515	AAAGGAATAAACGAT
1	7470575	264	278	+	15.3412	2.92e-06	0.0056	AGATGTTCATCCCAC
1	4021575	255	269	+	15.1529	3.36e-06	0.00597	AACCGATGATCACAC
1	4056750	256	270	-	15.1059	3.48e-06	0.00597	AACCGATAGTCCTAC
1	1629350	235	249	-	14.8235	4.28e-06	0.00698	ATGGGATGAGATGAT
1	5370500	283	297	-	14.7529	4.51e-06	0.007	ATCGGTTGAACTGAC
1	5970350	233	247	-	14.6118	4.99e-06	0.00714	GACGATTAATCGGAC
1	2854150	193	207	+	14.5412	5.25e-06	0.00714	ATACGACCATCCGAC
1	2854100	243	257	+	14.5412	5.25e-06	0.00714	ATACGACCATCCGAC
1	5705225	256	270	-	14.2	6.7e-06	0.00874	AAGTAATCCTACGAT
1	5111575	250	264	-	13.8588	8.49e-06	0.0106	GACCGATCATCGGAA
1	8216200	256	270	-	13.6706	9.64e-06	0.0112	TTGCGAAAATATGCT
1	8216150	306	320	-	13.6706	9.64e-06	0.0112	TTGCGAAAATATGCT
1	1629350	443	457	-	13.5882	1.02e-05	0.0115	AAGGGTCGATCTGAT
1	1574875	244	258	+	12.7882	1.72e-05	0.0187	ATCGGATCAACAGAT
1	107775	245	259	-	12.6235	1.91e-05	0.0201	CGTGATTAATATGCA
1	4171275	252	266	-	12.2941	2.35e-05	0.0239	AGTCGGTTATAGGAC
1	284475	227	241	+	12.2353	2.44e-05	0.0239	CGGCGTTCATAGGAC
1	5232875	255	269	-	12.2	2.49e-05	0.0239	CCCCATAAATACCAT
1	1629350	230	244	+	12.0353	2.76e-05	0.0257	CGTCGATCATCTCAT
1	2397475	253	267	+	11.7882	3.2e-05	0.0284	CATGATTCGTACGAC
1	1438525	278	292	-	11.7765	3.23e-05	0.0284	ACATAAAAGTAGTAC
1	8216200	208	222	-	11.6588	3.46e-05	0.0289	ATCTGACCATCTTCC
1	8216150	258	272	-	11.6588	3.46e-05	0.0289	ATCTGACCATCTTCC
1	7988200	249	263	-	11.5647	3.66e-05	0.0298	GACCGATGATCACAC
1	3648850	241	255	+	11.3176	4.23e-05	0.0336	GAAAGATGAAACGAC
1	7472425	266	280	-	11.2235	4.46e-05	0.0347	CGCTGGTCATCTGAT
1	3765675	308	322	+	10.9294	5.28e-05	0.0401	GTACGTTGATCGCAC
1	1483575	272	286	-	10.7294	5.92e-05	0.0434	GACGGATAGTCGGAT
1	2685875	250	264	-	10.6824	6.08e-05	0.0434	GAATGGTTATCGGAC
1	4792100	243	257	-	10.6706	6.12e-05	0.0434	AATGAGTCATATTTA
1	4171275	244	258	+	10.5294	6.62e-05	0.0459	AGCCGTTCGTCCTAT
1	7472425	177	191	-	10.4706	6.84e-05	0.0465	ACCCGATGAGCCGAT
1	1483575	51	65	-	10.3529	7.29e-05	0.0486	AACCGAAGGTCTGCA
1	4990825	257	271	-	10.0471	8.62e-05	0.0558	TTTTGATGATCCGTC
1	6275525	77	91	-	10.0235	8.72e-05	0.0558	TACGGGAAATCGGAC
1	4776750	247	261	+	9.97647	8.95e-05	0.0561	GTACGACAAAAGGAA
1	4990825	241	255	-	9.81176	9.77e-05	0.0576	ATCCGATGCTCAGAA
1	284475	92	106	-	9.8	9.83e-05	0.0576	ATCTGGTAGTACTCC
1	3340175	43	57	-	9.78824	9.89e-05	0.0576	AGCCGTCCATCTGCC
1	7470575	253	267	-	9.78824	9.89e-05	0.0576	ATCTGTTCACACGAA
