Centrimo_Reg_Matches
1483575
1813075
3340175
4021575
4990825
7470575
1574875
1538675
284475
5970350
8216200
6275525
5111575
502275
4776750
3648850
7962850
4056750
5232875
4798225
8015225
1446675
2685875
4842075
3813825
1629350
4792100
1935550
7988200
6889275
2589100
4171275
3957150
3884875
5705225
6518625
4117225
4607650
2397475
1638500
7474275
5508725
5219425
4220075
7158125
5840050
3757875
3279250
501825
6076250
7493575
884600
3275925
7472425
2297325
3144100
4153050
2787475
2854100
1086975
3872400
1385300
1528125
4192900
5212775
7626100
4600725
6934250
5117650
3940425
3491200
594675
3014450
4545350
3301300
6348175
1433300
5480100
2425275
5089475
4685050
7472475
3197200
140950
2278925
3147525
5339400
5426475
8156200
5149350
4802600
5992875
240725
6733725
3011125
1189600
513600
169850
6379725
7022500
2530125
6733750
5814575
7181875
1920250
1182850
7148425
600575
1024225
670825
4090850
8222750
3610525
2909800
2394675
3546100
7126775
5239675
5671025
7526850
1182875
6967475
1288500
1294525
3045200
584450
4741600
7060650
4906850
2384725
3670125
2096900
3945125
3406075
5002275
1082350
7043100
4580300
4180400
248575
444650
3517650
5850025
6791525
5670975
3892350
4694050
4694025
4408025
4381625
1572750
4141575
3459275
6502975
6719475
2956875
3406100
4708350
7155400
2585325
724000
7192425
1553450
7637350
4141600
4433725
463200
1736575
5146900
1404675
