#pattern name	sequence name	start	stop	strand	score	p-value	q-value	matched sequence
1	3340175	240	258	+	20.6364	1.38e-08	0.00021	CGATCCGATGATCCGATCG
1	3340175	240	258	-	20.6364	1.38e-08	0.00021	CGATCGGATCATCGGATCG
1	1574875	242	260	+	20.0682	2.74e-08	0.00021	CGATCGGATCAACAGATCG
1	1574875	242	260	-	20.0682	2.74e-08	0.00021	CGATCTGTTGATCCGATCG
1	1483575	262	280	+	18.2386	1.98e-07	0.00101	TCAACCGATAATCCGACTA
1	1483575	262	280	-	18.2386	1.98e-07	0.00101	TAGTCGGATTATCGGTTGA
1	3648850	239	257	+	16.9545	6.67e-07	0.00175	CGGAAAGATGAAACGACAA
1	3648850	239	257	-	16.9545	6.67e-07	0.00175	TTGTCGTTTCATCTTTCCG
1	7470575	259	277	+	16.8295	7.46e-07	0.00175	TGAACAGATGTTCATCCCA
1	7470575	259	277	-	16.8295	7.46e-07	0.00175	TGGGATGAACATCTGTTCA
1	2854150	191	209	+	16.75	8.02e-07	0.00175	TGATACGACCATCCGACAG
1	2854150	191	209	-	16.75	8.02e-07	0.00175	CTGTCGGATGGTCGTATCA
1	2854100	241	259	+	16.75	8.02e-07	0.00175	TGATACGACCATCCGACAG
1	2854100	241	259	-	16.75	8.02e-07	0.00175	CTGTCGGATGGTCGTATCA
1	4021575	253	271	+	16.5568	9.5e-07	0.00182	CGAACCGATGATCACACCG
1	4021575	253	271	-	16.5568	9.5e-07	0.00182	CGGTGTGATCATCGGTTCG
1	1629350	233	251	+	15.6591	2.03e-06	0.00317	CGATCATCTCATCCCATCA
1	1629350	233	251	-	15.6591	2.03e-06	0.00317	TGATGGGATGAGATGATCG
1	7962850	243	261	+	15.6364	2.07e-06	0.00317	TTATCAGTAAGTAATTTAC
1	7962850	243	261	-	15.6364	2.07e-06	0.00317	GTAAATTACTTACTGATAA
1	1438525	272	290	+	15.1818	2.98e-06	0.00415	TTAAAAGTACTACTTTTAT
1	1438525	272	290	-	15.1818	2.98e-06	0.00415	ATAAAAGTAGTACTTTTAA
1	7988200	247	265	+	14.8864	3.76e-06	0.00448	CGGTGTGATCATCGGTCCG
1	7988200	247	265	-	14.8864	3.76e-06	0.00448	CGGACCGATGATCACACCG
1	1574875	250	268	+	14.8295	3.93e-06	0.00448	TCAACAGATCGTCACACCA
1	1574875	250	268	-	14.8295	3.93e-06	0.00448	TGGTGTGACGATCTGTTGA
1	4056750	254	272	+	14.625	4.6e-06	0.00448	AGGTAGGACTATCGGTTCG
1	4056750	254	272	-	14.625	4.6e-06	0.00448	CGAACCGATAGTCCTACCT
1	5111575	248	266	+	14.5909	4.72e-06	0.00448	ATTTCCGATGATCGGTCCG
1	5111575	248	266	-	14.5909	4.72e-06	0.00448	CGGACCGATCATCGGAAAT
1	5370500	281	299	+	14.5795	4.76e-06	0.00448	GCGTCAGTTCAACCGATTA
1	5370500	281	299	-	14.5795	4.76e-06	0.00448	TAATCGGTTGAACTGACGC
1	4990825	247	265	+	14.5227	4.97e-06	0.00448	GCATCGGATTGACGGATCA
1	4990825	247	265	-	14.5227	4.97e-06	0.00448	TGATCCGTCAATCCGATGC
1	7472425	251	269	+	14.375	5.56e-06	0.00473	TGGTCATGAAAAAGGATCA
1	7472425	251	269	-	14.375	5.56e-06	0.00473	TGATCCTTTTTCATGACCA
1	1483575	270	288	+	14.0568	7.04e-06	0.00567	TAATCCGACTATCCGTCAC
1	1483575	270	288	-	14.0568	7.04e-06	0.00567	GTGACGGATAGTCGGATTA
1	3765675	306	324	+	13.9659	7.52e-06	0.00576	TTGTACGTTGATCGCACTT
1	3765675	306	324	-	13.9659	7.52e-06	0.00576	AAGTGCGATCAACGTACAA
1	4776750	253	271	+	13.7955	8.51e-06	0.00581	CAAAAGGAATAAACGATGG
1	4776750	253	271	-	13.7955	8.51e-06	0.00581	CCATCGTTTATTCCTTTTG
1	5970350	231	249	+	13.7614	8.72e-06	0.00581	ATGTCCGATTAATCGTCAA
1	5970350	231	249	-	13.7614	8.72e-06	0.00581	TTGACGATTAATCGGACAT
1	7472425	259	277	+	13.7614	8.72e-06	0.00581	AAAAAGGATCAGATGACCA
1	7472425	259	277	-	13.7614	8.72e-06	0.00581	TGGTCATCTGATCCTTTTT
1	8216200	206	224	+	13.0455	1.44e-05	0.00864	GGGGAAGATGGTCAGATCG
1	8216200	206	224	-	13.0455	1.44e-05	0.00864	CGATCTGACCATCTTCCCC
1	8216150	256	274	+	13.0455	1.44e-05	0.00864	GGGGAAGATGGTCAGATCG
1	8216150	256	274	-	13.0455	1.44e-05	0.00864	CGATCTGACCATCTTCCCC
1	1483575	254	272	+	13.0227	1.47e-05	0.00864	CGGACAGGTCAACCGATAA
1	1483575	254	272	-	13.0227	1.47e-05	0.00864	TTATCGGTTGACCTGTCCG
1	4171275	242	260	+	12.8523	1.65e-05	0.00935	CAAGCCGTTCGTCCTATAA
1	4171275	242	260	-	12.8523	1.65e-05	0.00935	TTATAGGACGAACGGCTTG
1	2397475	259	277	+	12.6136	1.94e-05	0.0106	TCGTACGACAATGAGACCA
1	2397475	259	277	-	12.6136	1.94e-05	0.0106	TGGTCTCATTGTCGTACGA
1	2685875	248	266	+	12.4545	2.15e-05	0.0111	CGGTCCGATAACCATTCCG
1	2685875	248	266	-	12.4545	2.15e-05	0.0111	CGGAATGGTTATCGGACCG
1	4798225	246	264	+	12.4432	2.17e-05	0.0111	CTAGGCGTAAATATGACCG
1	4798225	246	264	-	12.4432	2.17e-05	0.0111	CGGTCATATTTACGCCTAG
1	1538675	227	245	+	12.1364	2.65e-05	0.0127	CTTTCATATTTTCAGCTGC
1	1538675	227	245	-	12.1364	2.65e-05	0.0127	GCAGCTGAAAATATGAAAG
1	3340175	248	266	+	12.1136	2.69e-05	0.0127	TGATCCGATCGGAAGCTCA
1	3340175	248	266	-	12.1136	2.69e-05	0.0127	TGAGCTTCCGATCGGATCA
1	4776750	245	263	+	12.0909	2.73e-05	0.0127	TCGTACGACAAAAGGAATA
1	4776750	245	263	-	12.0909	2.73e-05	0.0127	TATTCCTTTTGTCGTACGA
1	5370500	289	307	+	11.9205	3.05e-05	0.0137	TCAACCGATTACCGTACGA
1	5370500	289	307	-	11.9205	3.05e-05	0.0137	TCGTACGGTAATCGGTTGA
1	1629350	441	459	+	11.7841	3.33e-05	0.0145	CCATCAGATCGACCCTTCG
1	1629350	441	459	-	11.7841	3.33e-05	0.0145	CGAAGGGTCGATCTGATGG
1	4792100	236	254	+	11.6591	3.6e-05	0.0153	GTAGATGTAAATATGACTC
1	4792100	236	254	-	11.6591	3.6e-05	0.0153	GAGTCATATTTACATCTAC
1	7470575	254	272	+	11.2386	4.68e-05	0.0194	TCGTGTGAACAGATGTTCA
1	7470575	254	272	-	11.2386	4.68e-05	0.0194	TGAACATCTGTTCACACGA
1	8216200	374	392	+	11.125	5.01e-05	0.0196	TAAAATGCCGATCTGTCCG
1	8216200	374	392	-	11.125	5.01e-05	0.0196	CGGACAGATCGGCATTTTA
1	8216150	424	442	+	11.125	5.01e-05	0.0196	TAAAATGCCGATCTGTCCG
1	8216150	424	442	-	11.125	5.01e-05	0.0196	CGGACAGATCGGCATTTTA
1	4792100	440	458	+	11.0909	5.12e-05	0.0196	TTGAAGGAACAAGCGATCG
1	4792100	440	458	-	11.0909	5.12e-05	0.0196	CGATCGCTTGTTCCTTCAA
1	1813075	249	267	+	10.9545	5.56e-05	0.0208	TCGTCATATGAACAGGTGG
1	1813075	249	267	-	10.9545	5.56e-05	0.0208	CCACCTGTTCATATGACGA
1	7962850	235	253	+	10.75	6.29e-05	0.0225	CGTGGATATTATCAGTAAG
1	7962850	235	253	-	10.75	6.29e-05	0.0225	CTTACTGATAATATCCACG
1	3648850	262	280	+	10.7386	6.33e-05	0.0225	CAATACGTTCGTCCTTCAC
1	3648850	262	280	-	10.7386	6.33e-05	0.0225	GTGAAGGACGAACGTATTG
1	1446675	230	248	+	10.5568	7.05e-05	0.0245	CATTAATATGAATGCATGG
1	1446675	230	248	-	10.5568	7.05e-05	0.0245	CCATGCATTCATATTAATG
1	5705225	249	267	+	10.5227	7.2e-05	0.0245	AGGGGTGATCGTAGGATTA
1	5705225	249	267	-	10.5227	7.2e-05	0.0245	TAATCCTACGATCACCCCT
1	6275525	147	165	+	10.2273	8.55e-05	0.0285	CGGAGTGATCGACTTTTCC
1	6275525	147	165	-	10.2273	8.55e-05	0.0285	GGAAAAGTCGATCACTCCG
1	7470575	246	264	+	10.0682	9.37e-05	0.0305	AGATCAATTCGTGTGAACA
1	7470575	246	264	-	10.0682	9.37e-05	0.0305	TGTTCACACGAATTGATCT
