#pattern name	sequence name	start	stop	strand	score	p-value	q-value	matched sequence
2	8216200	253	262	+	15.7009	7.28e-07	0.00425	AAAAGCATAT
2	8216200	253	262	-	15.7009	7.28e-07	0.00425	ATATGCTTTT
2	8216150	303	312	+	15.7009	7.28e-07	0.00425	AAAAGCATAT
2	8216150	303	312	-	15.7009	7.28e-07	0.00425	ATATGCTTTT
2	2854150	114	123	+	15.5327	1.07e-06	0.00425	AAGATCTTTT
2	2854150	114	123	-	15.5327	1.07e-06	0.00425	AAAAGATCTT
2	2854100	164	173	+	15.5327	1.07e-06	0.00425	AAGATCTTTT
2	2854100	164	173	-	15.5327	1.07e-06	0.00425	AAAAGATCTT
2	7962850	270	279	+	14.1402	8.33e-06	0.0265	AAATTCACTC
2	7962850	270	279	-	14.1402	8.33e-06	0.0265	GAGTGAATTT
2	4056750	240	249	+	13.9346	1.09e-05	0.0289	AAGTGAAAAT
2	4056750	240	249	-	13.9346	1.09e-05	0.0289	ATTTTCACTT
2	7470575	245	254	+	13.1776	2.24e-05	0.0509	GAGATCAATT
2	7470575	245	254	-	13.1776	2.24e-05	0.0509	AATTGATCTC
2	5970350	278	287	+	12.8224	3.32e-05	0.0644	GTGTGCTTTT
2	5970350	278	287	-	12.8224	3.32e-05	0.0644	AAAAGCACAC
2	2397475	246	255	+	12.7009	3.71e-05	0.0644	GAAAGCTCAT
2	2397475	246	255	-	12.7009	3.71e-05	0.0644	ATGAGCTTTC
2	5705225	196	205	+	12.5047	4.21e-05	0.0644	GAGTTCATTC
2	5705225	196	205	-	12.5047	4.21e-05	0.0644	GAATGAACTC
2	1438525	256	265	+	12.4112	4.45e-05	0.0644	ATGATCACAT
2	1438525	256	265	-	12.4112	4.45e-05	0.0644	ATGTGATCAT
2	3765675	225	234	+	12.2617	4.92e-05	0.0653	GAAAGATCTC
2	3765675	225	234	-	12.2617	4.92e-05	0.0653	GAGATCTTTC
2	5521450	297	306	+	12.0187	5.75e-05	0.0692	GTGTGATTAT
2	5521450	297	306	-	12.0187	5.75e-05	0.0692	ATAATCACAC
2	5970350	128	137	+	11.9439	6.09e-05	0.0692	GTGTGCATAT
2	5970350	128	137	-	11.9439	6.09e-05	0.0692	ATATGCACAC
2	5970350	170	179	+	11.7757	6.83e-05	0.0724	GTGATCACTT
2	5970350	170	179	-	11.7757	6.83e-05	0.0724	AAGTGATCAC
2	1446675	214	223	+	11.5794	7.84e-05	0.078	GTTTTCTAAT
2	1446675	214	223	-	11.5794	7.84e-05	0.078	ATTAGAAAAC
2	4792100	240	249	+	11.1963	9.48e-05	0.0835	ATGTAAATAT
2	4792100	240	249	-	11.1963	9.48e-05	0.0835	ATATTTACAT
2	2854150	257	266	+	11.1402	9.97e-05	0.0835	GAGTTCTCTC
2	2854150	257	266	-	11.1402	9.97e-05	0.0835	GAGAGAACTC
2	2854100	307	316	+	11.1402	9.97e-05	0.0835	GAGTTCTCTC
2	2854100	307	316	-	11.1402	9.97e-05	0.0835	GAGAGAACTC
