#pattern name	sequence name	start	stop	strand	score	p-value	q-value	matched sequence
1	3340175	240	258	+	20.7159	1.23e-08	0.000189	CGATCCGATGATCCGATCG
1	3340175	240	258	-	20.7159	1.23e-08	0.000189	CGATCGGATCATCGGATCG
1	1574875	242	260	+	20.1023	2.6e-08	0.0002	CGATCGGATCAACAGATCG
1	1574875	242	260	-	20.1023	2.6e-08	0.0002	CGATCTGTTGATCCGATCG
1	1483575	262	280	+	18.375	1.73e-07	0.000885	TCAACCGATAATCCGACTA
1	1483575	262	280	-	18.375	1.73e-07	0.000885	TAGTCGGATTATCGGTTGA
1	3648850	239	257	+	17.0568	6.12e-07	0.00165	CGGAAAGATGAAACGACAA
1	3648850	239	257	-	17.0568	6.12e-07	0.00165	TTGTCGTTTCATCTTTCCG
1	2854150	191	209	+	16.8864	7.15e-07	0.00165	TGATACGACCATCCGACAG
1	2854150	191	209	-	16.8864	7.15e-07	0.00165	CTGTCGGATGGTCGTATCA
1	2854100	241	259	+	16.8864	7.15e-07	0.00165	TGATACGACCATCCGACAG
1	2854100	241	259	-	16.8864	7.15e-07	0.00165	CTGTCGGATGGTCGTATCA
1	7470575	259	277	+	16.8295	7.52e-07	0.00165	TGAACAGATGTTCATCCCA
1	7470575	259	277	-	16.8295	7.52e-07	0.00165	TGGGATGAACATCTGTTCA
1	4021575	253	271	+	16.6818	8.58e-07	0.00165	CGAACCGATGATCACACCG
1	4021575	253	271	-	16.6818	8.58e-07	0.00165	CGGTGTGATCATCGGTTCG
1	1629350	233	251	+	15.9205	1.65e-06	0.00282	CGATCATCTCATCCCATCA
1	1629350	233	251	-	15.9205	1.65e-06	0.00282	TGATGGGATGAGATGATCG
1	1438525	272	290	+	15.3295	2.68e-06	0.00385	TTAAAAGTACTACTTTTAT
1	1438525	272	290	-	15.3295	2.68e-06	0.00385	ATAAAAGTAGTACTTTTAA
1	7962850	243	261	+	15.2955	2.76e-06	0.00385	TTATCAGTAAGTAATTTAC
1	7962850	243	261	-	15.2955	2.76e-06	0.00385	GTAAATTACTTACTGATAA
1	7988200	247	265	+	15.0114	3.45e-06	0.00401	CGGTGTGATCATCGGTCCG
1	7988200	247	265	-	15.0114	3.45e-06	0.00401	CGGACCGATGATCACACCG
1	4056750	254	272	+	14.9091	3.74e-06	0.00401	AGGTAGGACTATCGGTTCG
1	4056750	254	272	-	14.9091	3.74e-06	0.00401	CGAACCGATAGTCCTACCT
1	1574875	250	268	+	14.8977	3.77e-06	0.00401	TCAACAGATCGTCACACCA
1	1574875	250	268	-	14.8977	3.77e-06	0.00401	TGGTGTGACGATCTGTTGA
1	5111575	248	266	+	14.8523	3.91e-06	0.00401	ATTTCCGATGATCGGTCCG
1	5111575	248	266	-	14.8523	3.91e-06	0.00401	CGGACCGATCATCGGAAAT
1	5370500	281	299	+	14.6932	4.42e-06	0.00421	GCGTCAGTTCAACCGATTA
1	5370500	281	299	-	14.6932	4.42e-06	0.00421	TAATCGGTTGAACTGACGC
1	7472425	259	277	+	14.625	4.65e-06	0.00421	AAAAAGGATCAGATGACCA
1	7472425	259	277	-	14.625	4.65e-06	0.00421	TGGTCATCTGATCCTTTTT
1	3765675	306	324	+	14.2955	5.97e-06	0.00483	TTGTACGTTGATCGCACTT
1	3765675	306	324	-	14.2955	5.97e-06	0.00483	AAGTGCGATCAACGTACAA
1	4990825	247	265	+	14.25	6.17e-06	0.00483	GCATCGGATTGACGGATCA
1	4990825	247	265	-	14.25	6.17e-06	0.00483	TGATCCGTCAATCCGATGC
1	1483575	270	288	+	14.2273	6.28e-06	0.00483	TAATCCGACTATCCGTCAC
1	1483575	270	288	-	14.2273	6.28e-06	0.00483	GTGACGGATAGTCGGATTA
1	4776750	253	271	+	13.9318	7.8e-06	0.00572	CAAAAGGAATAAACGATGG
1	4776750	253	271	-	13.9318	7.8e-06	0.00572	CCATCGTTTATTCCTTTTG
1	5970350	231	249	+	13.8409	8.33e-06	0.00583	ATGTCCGATTAATCGTCAA
1	5970350	231	249	-	13.8409	8.33e-06	0.00583	TTGACGATTAATCGGACAT
1	8216200	206	224	+	13.2045	1.31e-05	0.00839	GGGGAAGATGGTCAGATCG
1	8216200	206	224	-	13.2045	1.31e-05	0.00839	CGATCTGACCATCTTCCCC
1	8216150	256	274	+	13.2045	1.31e-05	0.00839	GGGGAAGATGGTCAGATCG
1	8216150	256	274	-	13.2045	1.31e-05	0.00839	CGATCTGACCATCTTCCCC
1	4171275	242	260	+	13.125	1.38e-05	0.00851	CAAGCCGTTCGTCCTATAA
1	4171275	242	260	-	13.125	1.38e-05	0.00851	TTATAGGACGAACGGCTTG
1	7472425	251	269	+	12.4886	2.13e-05	0.0126	TGGTCATGAAAAAGGATCA
1	7472425	251	269	-	12.4886	2.13e-05	0.0126	TGATCCTTTTTCATGACCA
1	2397475	259	277	+	12.3636	2.31e-05	0.0132	TCGTACGACAATGAGACCA
1	2397475	259	277	-	12.3636	2.31e-05	0.0132	TGGTCTCATTGTCGTACGA
1	1483575	254	272	+	12.1591	2.64e-05	0.0145	CGGACAGGTCAACCGATAA
1	1483575	254	272	-	12.1591	2.64e-05	0.0145	TTATCGGTTGACCTGTCCG
1	3340175	248	266	+	12.1023	2.74e-05	0.0145	TGATCCGATCGGAAGCTCA
1	3340175	248	266	-	12.1023	2.74e-05	0.0145	TGAGCTTCCGATCGGATCA
1	1629350	441	459	+	11.9773	2.97e-05	0.0145	CCATCAGATCGACCCTTCG
1	1629350	441	459	-	11.9773	2.97e-05	0.0145	CGAAGGGTCGATCTGATGG
1	4798225	246	264	+	11.9318	3.06e-05	0.0145	CTAGGCGTAAATATGACCG
1	4798225	246	264	-	11.9318	3.06e-05	0.0145	CGGTCATATTTACGCCTAG
1	8216200	374	392	+	11.9091	3.1e-05	0.0145	TAAAATGCCGATCTGTCCG
1	8216200	374	392	-	11.9091	3.1e-05	0.0145	CGGACAGATCGGCATTTTA
1	8216150	424	442	+	11.9091	3.1e-05	0.0145	TAAAATGCCGATCTGTCCG
1	8216150	424	442	-	11.9091	3.1e-05	0.0145	CGGACAGATCGGCATTTTA
1	1538675	227	245	+	11.8182	3.29e-05	0.0149	CTTTCATATTTTCAGCTGC
1	1538675	227	245	-	11.8182	3.29e-05	0.0149	GCAGCTGAAAATATGAAAG
1	4776750	245	263	+	11.7727	3.38e-05	0.0149	TCGTACGACAAAAGGAATA
1	4776750	245	263	-	11.7727	3.38e-05	0.0149	TATTCCTTTTGTCGTACGA
1	4792100	236	254	+	11.5114	3.98e-05	0.0168	GTAGATGTAAATATGACTC
1	4792100	236	254	-	11.5114	3.98e-05	0.0168	GAGTCATATTTACATCTAC
1	2685875	248	266	+	11.4886	4.04e-05	0.0168	CGGTCCGATAACCATTCCG
1	2685875	248	266	-	11.4886	4.04e-05	0.0168	CGGAATGGTTATCGGACCG
1	7470575	254	272	+	11.3182	4.49e-05	0.0182	TCGTGTGAACAGATGTTCA
1	7470575	254	272	-	11.3182	4.49e-05	0.0182	TGAACATCTGTTCACACGA
1	3648850	262	280	+	11.2727	4.62e-05	0.0182	CAATACGTTCGTCCTTCAC
1	3648850	262	280	-	11.2727	4.62e-05	0.0182	GTGAAGGACGAACGTATTG
1	4792100	440	458	+	11.2273	4.75e-05	0.0183	TTGAAGGAACAAGCGATCG
1	4792100	440	458	-	11.2273	4.75e-05	0.0183	CGATCGCTTGTTCCTTCAA
1	5370500	289	307	+	10.8409	6e-05	0.0224	TCAACCGATTACCGTACGA
1	5370500	289	307	-	10.8409	6e-05	0.0224	TCGTACGGTAATCGGTTGA
1	1813075	249	267	+	10.8068	6.12e-05	0.0224	TCGTCATATGAACAGGTGG
1	1813075	249	267	-	10.8068	6.12e-05	0.0224	CCACCTGTTCATATGACGA
1	5705225	249	267	+	10.7386	6.37e-05	0.0228	AGGGGTGATCGTAGGATTA
1	5705225	249	267	-	10.7386	6.37e-05	0.0228	TAATCCTACGATCACCCCT
1	7962850	235	253	+	10.7045	6.5e-05	0.0228	CGTGGATATTATCAGTAAG
1	7962850	235	253	-	10.7045	6.5e-05	0.0228	CTTACTGATAATATCCACG
1	1446675	230	248	+	10.6591	6.68e-05	0.0229	CATTAATATGAATGCATGG
1	1446675	230	248	-	10.6591	6.68e-05	0.0229	CCATGCATTCATATTAATG
1	6275525	147	165	+	10.5	7.34e-05	0.0245	CGGAGTGATCGACTTTTCC
1	6275525	147	165	-	10.5	7.34e-05	0.0245	GGAAAAGTCGATCACTCCG
1	7470575	246	264	+	10.0227	9.66e-05	0.0316	AGATCAATTCGTGTGAACA
1	7470575	246	264	-	10.0227	9.66e-05	0.0316	TGTTCACACGAATTGATCT
