# WARNING: this file is not sorted!
# db	id                         alt	 E-value	adj_p-value	log_adj_p-value	bin_location	bin_width	total_width	sites_in_bin	total_sites	p_success	 p-value	mult_tests	neg_sites_in_bin	neg_sites	neg_adj_pvalue	log_neg_adj_pvalue	fisher_adj_pvalue	log_fisher_adj_pvalue
   1	1                         MEME	6.8e-057	   1.3e-059	        -135.58	         0.0	       74	        480	         178	        318	  0.15417	5.5e-062	       239	         690	       4439	1.0e0000	           0.00		1.9e-053	        -121.37	
   1	3                         MEME	4.3e-002	   8.3e-005	          -9.40	         0.0	      245	        489	          92	        127	  0.50102	3.4e-007	       244	         651	       1279	1.0e0000	           0.00		4.5e-004	          -7.71	
   2	HWTW                     DREME	1.2e-015	   2.4e-018	         -40.58	         0.0	       87	        497	         127	        320	  0.17505	9.6e-021	       248	         768	       4549	1.0e0000	           0.00		4.3e-018	         -39.99	
   2	WCWSW                    DREME	6.5e-011	   1.3e-013	         -29.70	         0.0	      170	        496	         183	        326	  0.34274	5.1e-016	       247	        2140	       6574	1.0e0000	           0.00		3.3e-015	         -33.36	
   2	WAW                      DREME	3.9e-015	   7.6e-018	         -39.42	         0.0	      158	        498	         187	        333	  0.31727	3.1e-020	       248	        2034	       6750	1.0e0000	           0.00		2.0e-019	         -43.05	
   2	ATCSGW                   DREME	1.2e-003	   2.3e-006	         -12.98	         0.0	      193	        495	         123	        211	  0.38990	9.3e-009	       247	        1088	       2776	1.0e0000	           0.00		1.3e-005	         -11.25	
   2	CTAG                     DREME	1.3e-001	   2.6e-004	          -8.26	         0.0	      189	        497	          53	         82	  0.38028	1.0e-006	       248	         296	        762	1.0e0000	           0.00		1.6e-003	          -6.41	
   2	TGMCW                    DREME	4.7e-005	   9.1e-008	         -16.21	         0.0	      254	        496	         202	        292	  0.51210	3.7e-010	       247	        2887	       5708	1.0e0000	           0.00		5.9e-008	         -16.64	
   2	GTGTGCWC                 DREME	9.3e0000	   1.8e-002	          -4.01	         0.0	      257	        493	         110	        164	  0.52130	7.4e-005	       246	        2169	       4177	1.0e0000	           0.00		2.0e-002	          -3.92	
   2	GAHCGTA                  DREME	9.4e-003	   1.8e-005	         -10.91	         0.0	      126	        494	          46	         88	  0.25506	7.4e-008	       246	         195	        815	1.0e0000	           0.00		1.6e-005	         -11.07	
   2	AACCTGYG                 DREME	9.2e-001	   1.8e-003	          -6.33	         0.0	      179	        493	          90	        171	  0.36308	7.3e-006	       246	        1404	       3935	1.0e0000	           0.00		1.7e-003	          -6.37	
   2	CAGACRCG                 DREME	3.4e-001	   6.5e-004	          -7.34	         0.0	      259	        493	          84	        113	  0.52535	2.7e-006	       246	        1293	       2457	1.0e0000	           0.00		7.2e-004	          -7.24	
   2	MAGTACTA                 DREME	7.6e-001	   1.5e-003	          -6.52	         0.0	       39	        493	          15	         51	  0.07911	6.0e-006	       246	         104	       1140	1.0e0000	          -0.00		1.5e-002	          -4.23	
   2	ATGGTWG                  DREME	2.1e-002	   4.0e-005	         -10.12	         0.0	      182	        494	         114	        209	  0.36842	1.6e-007	       246	        1470	       3967	1.0e0000	           0.00		1.0e-004	          -9.17	
   2	CATSGGG                  DREME	7.8e-003	   1.5e-005	         -11.10	         0.0	       84	        494	          31	         69	  0.17004	6.2e-008	       246	         245	       1450	1.0e0000	           0.00		3.2e-005	         -10.34	
   3	EXPREG_00000020 LexA_C.glutamicum	1.9e-008	   3.7e-011	         -24.03	         0.0	       82	        484	          72	        179	  0.16942	1.5e-013	       241	         408	       2427	1.0e0000	           0.00		3.1e-010	         -21.89	
   3	EXPREG_00000050  PhoP_Y.pestis	2.2e-016	   4.3e-019	         -42.29	         0.0	      176	        480	         124	        171	  0.36667	1.8e-021	       239	         409	       1066	1.0e0000	          -0.00		1.2e-014	         -32.09	
   3	EXPREG_000000e0 CcpA_S.pneumoniae	5.8e-015	   1.1e-017	         -39.02	         0.0	      161	        481	          60	         69	  0.33472	4.7e-020	       240	         133	        366	1.0e0000	          -0.00		4.4e-013	         -28.45	
   3	EXPREG_00000120 LexA_P.difficile	4.9e-001	   9.5e-004	          -6.96	         0.0	       69	        485	          27	         77	  0.14227	3.9e-006	       242	          75	        482	1.0e0000	           0.00		2.5e-002	          -3.69	
   3	EXPREG_00000130 HapR_V.cholerae	2.7e-004	   5.3e-007	         -14.46	         0.0	       59	        479	          13	         17	  0.12317	2.2e-009	       239	          12	         54	1.0e0000	          -0.00		2.1e-002	          -3.86	
   3	EXPREG_000001b0  CodY_L.lactis	1.3e-001	   2.4e-004	          -8.32	         0.0	       90	        486	          13	         18	  0.18519	1.0e-006	       242	          13	         66	1.0e0000	           0.00		1.3e-002	          -4.33	
   3	EXPREG_00000200 GlnR_S.erythraea	5.7e-007	   1.1e-009	         -20.62	         0.0	      113	        485	         123	        298	  0.23299	4.6e-012	       242	        1332	       5746	1.0e0000	           0.00		3.1e-009	         -19.60	
   3	EXPREG_00000240 ToxT_V.cholerae	9.1e-006	   1.8e-008	         -17.85	         0.0	       63	        487	          26	         51	  0.12936	7.3e-011	       243	          28	        206	1.0e0000	           0.00		1.4e-005	         -11.17	
   3	EXPREG_00000290 LuxR_V.campbellii	1.6e-012	   3.0e-015	         -33.43	         0.0	       54	        480	          45	         99	  0.11250	1.3e-017	       239	          63	        518	1.0e0000	           0.00		1.2e-010	         -22.84	
   3	EXPREG_00000360 Fur_A.salmonicida	1.5e-002	   2.9e-005	         -10.43	         0.0	       52	        476	          13	         23	  0.10924	1.2e-007	       237	          15	         84	1.0e0000	          -0.00		9.9e-002	          -2.31	
   3	EXPREG_00000370 Fur_A.ferrooxidans	4.3e-014	   8.3e-017	         -37.03	         0.0	       62	        480	          56	        121	  0.12917	3.5e-019	       239	          98	        746	1.0e0000	           0.00		3.8e-013	         -28.61	
   3	EXPREG_000004b0 PvdS_P.aeruginosa	2.2e-002	   4.2e-005	         -10.08	         0.0	      311	        477	         142	        171	  0.65199	1.8e-007	       238	        1963	       2977	1.0e0000	           0.00		2.1e-004	          -8.45	
   3	EXPREG_000005d0 LexA_M.tuberculosis	6.9e0000	   1.3e-002	          -4.32	         0.0	      239	        481	          14	         14	  0.49688	5.6e-005	       240	          43	         97	1.0e0000	           0.00		8.7e-003	          -4.74	
   3	EXPREG_000006f0   IHF_P.putida	7.2e-006	   1.4e-008	         -18.08	         0.0	      229	        473	         100	        131	  0.48414	5.9e-011	       236	        1237	       2576	1.0e0000	           0.00		2.2e-008	         -17.63	
   3	EXPREG_00000700   IHF_P.putida	1.4e-002	   2.7e-005	         -10.52	         0.0	      243	        487	         106	        149	  0.49897	1.1e-007	       243	        1629	       3289	1.0e0000	           0.00		3.1e-005	         -10.37	
   3	EXPREG_00000760     NtcA_N.sp.	5.4e-008	   1.0e-010	         -22.99	         0.0	      177	        487	         126	        206	  0.36345	4.3e-013	       243	         894	       2561	1.0e0000	           0.00		3.9e-011	         -23.96	
   3	EXPREG_000007c0     Fur_E.coli	1.2e-001	   2.3e-004	          -8.39	         0.0	       62	        470	          14	         26	  0.13191	9.7e-007	       234	          11	         64	1.0e0000	           0.00		1.6e-001	          -1.85	
   3	EXPREG_00000800    ArcA_E.coli	8.8e-006	   1.7e-008	         -17.88	         0.0	       88	        480	          34	         61	  0.18333	7.2e-011	       239	          61	        325	1.0e0000	           0.00		2.2e-006	         -13.02	
   3	EXPREG_00000810 OmpR_S.enterica	7.7e-020	   1.5e-022	         -50.25	         0.0	      142	        492	         152	        253	  0.28862	6.1e-025	       245	        1140	       3828	1.0e0000	          -0.00		1.5e-019	         -43.33	
   3	EXPREG_00000840     Lrp_E.coli	2.3e-014	   4.5e-017	         -37.65	         0.0	       60	        486	          83	        236	  0.12346	1.8e-019	       242	         413	       3287	1.0e0000	           0.00		4.0e-015	         -33.15	
   3	EXPREG_00000850     CRP_E.coli	7.9e-001	   1.5e-003	          -6.48	         0.0	       49	        479	          19	         61	  0.10230	6.4e-006	       239	          50	        471	1.0e0000	           0.00		1.3e-002	          -4.34	
   3	EXPREG_00000870    RutR_E.coli	1.0e-004	   1.9e-007	         -15.45	         0.0	       87	        485	          64	        169	  0.17938	8.0e-010	       242	         574	       3370	1.0e0000	           0.00		7.7e-008	         -16.38	
   3	EXPREG_000008b0 Fur_V.cholerae	4.0e-018	   7.7e-021	         -46.31	         0.0	      100	        478	          68	        102	  0.20921	3.2e-023	       238	         126	        504	9.7e-001	          -0.03		5.3e-013	         -28.27	
   3	EXPREG_000008c0 CtrA_C.crescentus	5.4e0000	   1.0e-002	          -4.56	         0.0	      127	        479	          22	         38	  0.26514	4.4e-005	       239	          36	        188	1.0e0000	           0.00		7.3e-004	          -7.22	
   3	EXPREG_000008d0 MogR_L.monocytogenes	1.4e0000	   2.8e-003	          -5.88	         0.0	      136	        486	          12	         14	  0.27984	1.2e-005	       242	          19	         49	1.0e0000	          -0.00		3.9e-001	          -0.94	
   3	EXPREG_000008e0 PhoP_S.enterica	8.8e-009	   1.7e-011	         -24.79	         0.0	      116	        474	          56	         91	  0.24473	7.2e-014	       236	         100	        401	1.0e0000	           0.00		1.4e-008	         -18.07	
   3	EXPREG_00000950    PhoP_E.coli	2.3e-005	   4.5e-008	         -16.92	         0.0	       72	        478	          27	         50	  0.15063	1.9e-010	       238	          40	        217	1.0e0000	          -0.00		2.0e-004	          -8.51	
   3	EXPREG_000009a0 AmpR_P.aeruginosa	1.4e-023	   2.6e-026	         -58.90	         0.0	       81	        485	         139	        322	  0.16701	1.1e-028	       242	         934	       5589	1.0e0000	           0.00		1.4e-024	         -54.91	
   3	EXPREG_000009b0 LasR_P.aeruginosa	1.7e-013	   3.3e-016	         -35.64	         0.0	       96	        478	         122	        283	  0.20084	1.4e-018	       238	        1006	       5132	1.0e0000	           0.00		6.0e-016	         -35.05	
   3	EXPREG_000009c0 CcpA_B.subtilis	5.5e-002	   1.1e-004	          -9.14	         0.0	      198	        474	          22	         24	  0.41772	4.5e-007	       236	          79	        161	1.0e0000	          -0.00		9.5e-003	          -4.65	
   3	EXPREG_000009e0 RpoN_S.enterica	1.6e-008	   3.2e-011	         -24.18	         0.0	      155	        483	          81	        126	  0.32091	1.3e-013	       241	         492	       1573	1.0e0000	           0.00		7.3e-011	         -23.34	
   3	EXPREG_00000b00    CsgD_E.coli	2.3e-028	   4.6e-031	         -69.86	         0.0	      166	        484	         183	        256	  0.34298	1.9e-033	       241	         741	       2185	1.0e0000	           0.00		1.8e-028	         -63.90	
   3	EXPREG_00000b50 Vfr_P.aeruginosa	1.3e-011	   2.6e-014	         -31.30	         0.0	       47	        469	          66	        218	  0.10021	1.1e-016	       234	         208	       2278	1.0e0000	           0.00		3.4e-014	         -31.00	
   3	EXPREG_00000c80 Fur_P.aeruginosa	2.8e-006	   5.5e-009	         -19.02	         0.0	      194	        482	          64	         84	  0.40249	2.3e-011	       240	         183	        423	1.0e0000	          -0.00		4.8e-006	         -12.25	
   3	EXPREG_00000d10 CcpA_C.difficile	3.5e-007	   6.8e-010	         -21.11	         0.0	      135	        485	          51	         77	  0.27835	2.8e-012	       242	         127	        442	1.0e0000	           0.00		1.3e-007	         -15.89	
   3	EXPREG_00000ec0 Fur_N.gonorrhoeae	8.1e-022	   1.6e-024	         -54.81	         0.0	      135	        477	         110	        158	  0.28302	6.6e-027	       238	         274	        894	1.0e0000	          -0.00		8.7e-018	         -39.29	
   3	EXPREG_00000f90 GlxR_C.glutamicum	1.2e-014	   2.3e-017	         -38.31	         0.0	       29	        475	          56	        224	  0.06105	9.7e-020	       237	         212	       3236	1.0e0000	           0.00		2.8e-014	         -31.21	
   3	EXPREG_00000fc0 BldD_S.coelicolor	4.3e0000	   8.3e-003	          -4.80	         0.0	      112	        486	          83	        239	  0.23045	3.4e-005	       242	         996	       4442	1.0e0000	           0.00		4.1e-003	          -5.49	
   3	EXPREG_00000ff0   CRP_Y.pestis	2.3e-004	   4.5e-007	         -14.62	         0.0	       69	        469	          22	         39	  0.14712	1.9e-009	       234	          34	        214	1.0e0000	           0.00		6.9e-005	          -9.58	
   3	EXPREG_00001000  OmpR_Y.pestis	8.2e-001	   1.6e-003	          -6.44	         0.0	      137	        481	          21	         31	  0.28482	6.6e-006	       240	          37	        126	1.0e0000	           0.00		2.5e-002	          -3.69	
   3	EXPREG_00001020 Fur_S.enterica	2.9e-011	   5.6e-014	         -30.52	         0.0	      198	        482	          88	        111	  0.41079	2.3e-016	       240	         220	        497	1.0e0000	          -0.00		1.9e-009	         -20.09	
   3	EXPREG_00001030 CRP_V.vulnificus	1.4e-018	   2.7e-021	         -47.35	         0.0	      100	        476	          79	        127	  0.21008	1.2e-023	       237	         150	        676	1.0e0000	           0.00		7.7e-016	         -34.80	
   3	EXPREG_000010c0 CodY_B.anthracis	5.4e-010	   1.1e-012	         -27.58	         0.0	       54	        490	          44	        110	  0.11020	4.3e-015	       244	          56	        537	1.0e0000	           0.00		4.3e-010	         -21.57	
   3	EXPREG_00001110 Fur_P.syringae	4.2e-014	   8.1e-017	         -37.06	         0.0	       86	        484	         114	        281	  0.17769	3.3e-019	       241	         733	       4352	1.0e0000	           0.00		3.5e-017	         -37.90	
   3	EXPREG_00001190  PhhR_P.putida	2.1e-009	   4.0e-012	         -26.24	         0.0	       80	        472	          71	        169	  0.16949	1.7e-014	       235	         267	       1541	1.0e0000	           0.00		4.2e-010	         -21.59	
   3	EXPREG_00001280 ArcA_S.oneidensis	8.2e-003	   1.6e-005	         -11.05	         0.0	      104	        486	          22	         34	  0.21399	6.6e-008	       242	          34	        167	1.0e0000	           0.00		1.9e-004	          -8.58	
   3	EXPREG_00001440 ExpR_S.meliloti	1.8e-007	   3.4e-010	         -21.79	         0.0	      102	        474	          70	        146	  0.21519	1.5e-012	       236	         244	       1075	1.0e0000	           0.00		1.1e-007	         -15.99	
   3	EXPREG_00001480 LexA_S.meliloti	2.2e0000	   4.4e-003	          -5.44	         0.0	       46	        482	          11	         27	  0.09544	1.8e-005	       240	          26	        151	4.2e-001	          -0.86		8.7e-001	          -0.14	
   3	EXPREG_00001520  CcpA_L.lactis	1.6e-006	   3.1e-009	         -19.60	         0.0	      229	        487	          80	        100	  0.47023	1.3e-011	       243	         331	        654	1.0e0000	          -0.00		3.0e-006	         -12.72	
   3	EXPREG_00001560 OxyR_P.aeruginosa	3.9e-015	   7.5e-018	         -39.43	         0.0	       65	        461	          74	        172	  0.14100	3.3e-020	       230	         122	        882	1.0e0000	           0.00		3.0e-014	         -31.14	
   3	EXPREG_000016a0 Zur_N.meningitidis	3.2e-003	   6.1e-006	         -12.00	         0.0	      120	        486	          31	         50	  0.24691	2.5e-008	       242	          97	        437	1.0e0000	           0.00		4.4e-006	         -12.34	
   3	EXPREG_000016e0 RpoN_V.cholerae	9.7e-005	   1.9e-007	         -15.49	         0.0	      144	        486	          80	        149	  0.29630	7.8e-010	       242	         640	       2081	1.0e0000	          -0.00		4.4e-006	         -12.32	
   3	EXPREG_00001730 H-NS_V.cholerae	1.7e-010	   3.3e-013	         -28.75	         0.0	      199	        491	         180	        280	  0.40530	1.3e-015	       245	        1747	       4343	1.0e0000	           0.00		8.0e-013	         -27.86	
   3	EXPREG_00001770 AdpA_S.coelicolor	3.2e-001	   6.3e-004	          -7.37	         0.0	      227	        491	         200	        341	  0.46232	2.6e-006	       245	        4389	       9575	1.0e0000	           0.00		5.1e-004	          -7.58	
   3	EXPREG_00001810    CcpA_S.suis	9.3e-016	   1.8e-018	         -40.86	         0.0	      154	        478	          84	        111	  0.32218	7.6e-021	       238	         204	        589	1.0e0000	          -0.00		2.0e-013	         -29.24	
   4	MX000003                  NarL	9.6e-012	   1.9e-014	         -31.62	         0.0	      160	        494	         185	        341	  0.32389	7.6e-017	       246	        2840	       8750	1.0e0000	           0.00		9.6e-014	         -29.98	
   4	MX000004                   Fnr	5.3e-011	   1.0e-013	         -29.91	         0.0	       77	        487	          87	        229	  0.15811	4.2e-016	       243	         667	       4232	1.0e0000	           0.00		7.6e-013	         -27.90	
   4	MX000006               SpoIIID	9.3e-004	   1.8e-006	         -13.22	         0.0	      235	        491	         213	        336	  0.47862	7.4e-009	       245	        4112	       8748	1.0e0000	           0.00		5.5e-007	         -14.41	
   4	MX000007                  ArgR	1.3e-006	   2.5e-009	         -19.82	         0.0	      108	        484	         104	        251	  0.22314	1.0e-011	       241	        1022	       4456	1.0e0000	           0.00		5.1e-008	         -16.79	
   4	MX000008                  GlpR	4.7e-018	   9.2e-021	         -46.13	         0.0	       69	        481	         104	        265	  0.14345	3.8e-023	       240	         424	       2744	1.0e0000	          -0.00		2.5e-016	         -35.94	
   4	MX000009                  ResD	7.4e-001	   1.4e-003	          -6.55	         0.0	       34	        480	           9	         21	  0.07083	6.0e-006	       239	           4	         93	1.0e0000	           0.00		5.0e-003	          -5.30	
   4	MX000010                   IHF	6.5e-003	   1.3e-005	         -11.28	         0.0	      145	        493	          93	        195	  0.29412	5.1e-008	       246	         886	       3011	1.0e0000	           0.00		3.9e-005	         -10.14	
   4	MX000012                  LasR	6.9e-002	   1.3e-004	          -8.92	         0.0	      185	        485	         122	        223	  0.38144	5.5e-007	       242	        1634	       4151	1.0e0000	          -0.00		1.1e-003	          -6.80	
   4	MX000013                   Fur	1.2e-012	   2.4e-015	         -33.66	         0.0	       78	        482	          60	        121	  0.16183	1.0e-017	       240	         112	        689	1.0e0000	           0.00		5.9e-012	         -25.86	
   4	MX000015                  MtrB	2.8e-007	   5.4e-010	         -21.33	         0.0	       49	        493	          47	        156	  0.09939	2.2e-012	       246	         115	        996	1.0e0000	          -0.00		3.2e-006	         -12.67	
   4	MX000016                   Fur	3.5e0000	   6.7e-003	          -5.00	         0.0	      136	        478	          10	         11	  0.28452	2.8e-005	       238	           9	         42	1.0e0000	           0.00		1.0e-002	          -4.61	
   4	MX000019                 Spo0A	1.1e-008	   2.2e-011	         -24.53	         0.0	       51	        489	          70	        261	  0.10429	9.1e-014	       244	         476	       4532	1.0e0000	           0.00		2.4e-010	         -22.17	
   4	MX000020                  AraR	3.2e0000	   6.1e-003	          -5.09	         0.0	      183	        485	          15	         17	  0.37732	2.5e-005	       242	          23	         75	1.0e0000	           0.00		4.0e-003	          -5.52	
   4	MX000021                 Spo0A	4.2e0000	   8.1e-003	          -4.82	         0.0	       12	        494	          20	        288	  0.02429	3.3e-005	       246	         173	       8133	1.0e0000	           0.00		2.2e-003	          -6.11	
   4	MX000022                   CRE	2.0e-001	   3.9e-004	          -7.84	         0.0	      113	        493	          71	        183	  0.22921	1.6e-006	       246	         781	       3631	1.0e0000	           0.00		4.7e-005	          -9.97	
   4	MX000023                  ComK	5.2e-010	   1.0e-012	         -27.62	         0.0	      186	        488	          75	         97	  0.38115	4.2e-015	       243	         200	        539	1.0e0000	           0.00		3.2e-011	         -24.15	
   4	MX000024                  CcpC	1.5e-001	   3.0e-004	          -8.12	         0.0	       22	        486	           9	         26	  0.04527	1.2e-006	       242	           7	        107	1.0e0000	           0.00		1.2e-001	          -2.15	
   4	MX000026                  TnrA	5.2e-008	   1.0e-010	         -23.01	         0.0	       50	        484	          18	         25	  0.10331	4.2e-013	       241	           9	         95	1.0e0000	           0.00		2.7e-007	         -15.14	
   4	MX000027                  GlnR	7.5e0000	   1.5e-002	          -4.22	         0.0	       48	        484	           6	          9	  0.09917	6.1e-005	       241	           6	         64	1.0e0000	           0.00		8.3e-002	          -2.49	
   4	MX000028                   IHF	1.8e-021	   3.4e-024	         -54.03	         0.0	       87	        487	          99	        189	  0.17864	1.4e-026	       243	         293	       1636	1.0e0000	           0.00		5.2e-021	         -46.71	
   4	MX000029                   Fis	4.7e-025	   9.1e-028	         -62.26	         0.0	      122	        486	         177	        322	  0.25103	3.8e-030	       242	        1329	       5416	1.0e0000	           0.00		4.3e-027	         -60.71	
   4	MX000032                  PvdS	2.9e-009	   5.7e-012	         -25.89	         0.0	      156	        492	         153	        285	  0.31707	2.3e-014	       245	        1164	       3837	1.0e0000	           0.00		7.1e-013	         -27.97	
   4	MX000034                  AlgU	2.5e0000	   4.8e-003	          -5.34	         0.0	      133	        469	          15	         20	  0.28358	2.1e-005	       234	          62	        215	1.0e0000	           0.00		1.5e-002	          -4.19	
   4	MX000036                  AlgU	5.8e-018	   1.1e-020	         -45.92	         0.0	       94	        492	         144	        337	  0.19106	4.6e-023	       245	        1521	       8007	1.0e0000	           0.00		4.4e-020	         -44.57	
   4	MX000038                  CovR	9.8e-003	   1.9e-005	         -10.87	         0.0	      174	        490	          52	         80	  0.35510	7.8e-008	       244	         208	        567	1.0e0000	           0.00		4.3e-004	          -7.75	
   4	MX000041                  CovR	5.8e0000	   1.1e-002	          -4.48	         0.0	       47	        485	           5	          6	  0.09691	4.7e-005	       242	           4	         42	1.0e0000	           0.00		9.4e-002	          -2.37	
   4	MX000043                  AhrC	4.2e0000	   8.1e-003	          -4.82	         0.0	      105	        485	          10	         13	  0.21649	3.4e-005	       242	          15	         54	1.0e0000	           0.00		3.3e-001	          -1.12	
   4	MX000047                  GerE	4.4e-018	   8.4e-021	         -46.22	         0.0	      133	        489	         136	        234	  0.27198	3.5e-023	       244	         818	       3165	1.0e0000	           0.00		3.8e-021	         -47.02	
   4	MX000048                  GltC	9.2e-001	   1.8e-003	          -6.33	         0.0	      166	        486	          11	         11	  0.34156	7.4e-006	       242	          15	         45	1.0e0000	           0.00		1.2e-002	          -4.38	
   4	MX000049                  GltR	3.0e-002	   5.8e-005	          -9.75	         0.0	      134	        486	          23	         32	  0.27572	2.4e-007	       242	          38	        137	1.0e0000	           0.00		1.3e-003	          -6.67	
   4	MX000050                   Hpr	3.8e-013	   7.5e-016	         -34.83	         0.0	       94	        482	          51	         79	  0.19502	3.1e-018	       240	          67	        309	1.0e0000	           0.00		3.0e-010	         -21.94	
   4	MX000052                  LevR	1.1e0000	   2.1e-003	          -6.16	         0.0	      222	        488	          46	         63	  0.45492	8.7e-006	       243	         269	        606	1.0e0000	           0.00		2.7e-003	          -5.93	
   4	MX000057                  PhoP	2.7e-027	   5.3e-030	         -67.42	         0.0	      134	        470	         113	        150	  0.28511	2.3e-032	       234	         246	        920	1.0e0000	           0.00		2.6e-027	         -61.23	
   4	MX000058                  PucR	5.5e-016	   1.1e-018	         -41.38	         0.0	      180	        490	         197	        313	  0.36735	4.4e-021	       244	        1792	       5127	1.0e0000	           0.00		3.9e-020	         -44.69	
   4	MX000059                  PurR	7.8e-001	   1.5e-003	          -6.49	         0.0	       69	        481	          11	         18	  0.14345	6.3e-006	       240	          12	         85	1.0e0000	           0.00		2.0e-002	          -3.89	
   4	MX000063                  SenS	4.7e-004	   9.1e-007	         -13.91	         0.0	      112	        480	          27	         40	  0.23333	3.8e-009	       239	          55	        226	1.0e0000	           0.00		5.0e-005	          -9.90	
   4	MX000064                  SigB	4.5e-012	   8.7e-015	         -32.38	         0.0	      263	        489	         205	        260	  0.53783	3.6e-017	       244	        1405	       2641	1.0e0000	           0.00		4.2e-014	         -30.81	
   4	MX000066                  SigE	1.3e-016	   2.5e-019	         -42.84	         0.0	       66	        490	         108	        309	  0.13469	1.0e-021	       244	         738	       5444	1.0e0000	           0.00		1.0e-017	         -39.11	
   4	MX000067                  SigE	1.5e-027	   2.8e-030	         -68.04	         0.0	       49	        489	          88	        214	  0.10020	1.2e-032	       244	         174	       1674	1.0e0000	           0.00		3.9e-024	         -53.89	
   4	MX000068                  SigE	1.9e-006	   3.8e-009	         -19.40	         0.0	       90	        464	          24	         32	  0.19397	1.6e-011	       231	          26	        119	1.0e0000	           0.00		1.1e-005	         -11.46	
   4	MX000071                  SigB	1.8e-007	   3.5e-010	         -21.78	         0.0	       83	        489	         103	        307	  0.16973	1.4e-012	       244	        1047	       5955	1.0e0000	          -0.00		1.2e-008	         -18.27	
   4	MX000072                  SigB	2.6e0000	   5.1e-003	          -5.28	         0.0	      164	        468	          17	         21	  0.35043	2.2e-005	       233	          23	         83	1.0e0000	           0.00		2.8e-003	          -5.88	
   4	MX000073                  SigB	1.2e-004	   2.4e-007	         -15.26	         0.0	       91	        469	          33	         60	  0.19403	1.0e-009	       234	          53	        341	1.0e0000	           0.00		8.3e-008	         -16.30	
   4	MX000076                  SigH	3.6e-005	   6.9e-008	         -16.49	         0.0	      107	        489	          95	        238	  0.21881	2.8e-010	       244	        1046	       4799	1.0e0000	           0.00		1.8e-007	         -15.54	
   4	MX000077                  SigH	4.1e-003	   7.9e-006	         -11.74	         0.0	      195	        491	         158	        282	  0.39715	3.2e-008	       245	        2384	       5890	1.0e0000	          -0.00		4.8e-005	          -9.95	
   4	MX000081                  SigW	4.5e-007	   8.8e-010	         -20.85	         0.0	      173	        491	         145	        257	  0.35234	3.6e-012	       245	        2107	       5993	1.0e0000	           0.00		2.1e-009	         -19.97	
   4	MX000083                  SigX	3.1e-006	   6.0e-009	         -18.93	         0.0	      177	        489	          83	        127	  0.36196	2.5e-011	       244	         372	        998	1.0e0000	           0.00		3.9e-007	         -14.76	
   4	MX000084                  SigX	6.2e-003	   1.2e-005	         -11.33	         0.0	      127	        489	          90	        208	  0.25971	4.9e-008	       244	        1208	       4585	1.0e0000	           0.00		4.9e-005	          -9.93	
   4	MX000090                   Zur	9.3e-003	   1.8e-005	         -10.93	         0.0	       62	        482	           8	          8	  0.12863	7.5e-008	       240	           4	         28	1.0e0000	           0.00		3.9e-003	          -5.54	
   4	MX000091                  ArcA	4.3e-017	   8.4e-020	         -43.92	         0.0	      133	        491	         136	        239	  0.27088	3.4e-022	       245	         806	       3052	1.0e0000	           0.00		4.8e-019	         -42.17	
   4	MX000093                   Crp	3.6e-022	   7.1e-025	         -55.61	         0.0	       65	        481	         107	        265	  0.13514	2.9e-027	       240	         539	       3970	1.0e0000	           0.00		1.5e-022	         -50.23	
   4	MX000094                  CysB	2.6e-004	   5.0e-007	         -14.51	         0.0	       66	        470	          28	         61	  0.14043	2.1e-009	       234	          40	        267	1.0e0000	           0.00		1.3e-004	          -8.93	
   4	MX000096                   Lrp	8.3e-025	   1.6e-027	         -61.70	         0.0	      103	        487	         145	        278	  0.21150	6.6e-030	       243	         694	       3452	1.0e0000	           0.00		4.0e-027	         -60.80	
   4	MX000097                   Mlc	1.4e-002	   2.6e-005	         -10.54	         0.0	      189	        495	         180	        345	  0.38182	1.1e-007	       247	        3653	       9702	1.0e0000	           0.00		1.3e-005	         -11.27	
   4	MX000098                  DnaA	6.3e-015	   1.2e-017	         -38.94	         0.0	       64	        492	         102	        305	  0.13008	5.0e-020	       245	         844	       6328	1.0e0000	           0.00		7.0e-016	         -34.89	
   4	MX000099                  PhoB	8.8e-014	   1.7e-016	         -36.30	         0.0	       93	        485	         101	        223	  0.19175	7.1e-019	       242	         510	       2684	1.0e0000	           0.00		4.0e-015	         -33.15	
   4	MX000106                  NarL	7.4e-003	   1.4e-005	         -11.16	         0.0	      168	        494	         164	        341	  0.34008	5.8e-008	       246	        3179	       9378	1.0e0000	           0.00		1.9e-005	         -10.87	
   4	MX000114                   Ada	1.1e0000	   2.2e-003	          -6.12	         0.0	       73	        483	          14	         27	  0.15114	9.1e-006	       241	          18	         82	1.0e0000	          -0.00		6.2e-001	          -0.48	
   4	MX000116                  ArgR	4.9e-013	   9.5e-016	         -34.59	         0.0	      141	        487	          86	        131	  0.28953	3.9e-018	       243	         285	        913	1.0e0000	          -0.00		1.4e-011	         -25.01	
   4	MX000117                  CspA	2.0e-002	   3.8e-005	         -10.18	         0.0	      228	        496	          47	         59	  0.45968	1.5e-007	       247	         223	        467	1.0e0000	           0.00		4.9e-004	          -7.62	
   4	MX000119                  CpxR	3.3e0000	   6.4e-003	          -5.06	         0.0	      349	        485	          46	         48	  0.71959	2.6e-005	       242	         333	        452	1.0e0000	           0.00		3.1e-002	          -3.49	
   4	MX000121                  CytR	3.4e-012	   6.6e-015	         -32.65	         0.0	      203	        489	         155	        222	  0.41513	2.7e-017	       244	         739	       1770	1.0e0000	           0.00		3.9e-013	         -28.58	
   4	MX000123                  DeoR	1.8e-001	   3.5e-004	          -7.96	         0.0	       71	        485	           7	          7	  0.14639	1.4e-006	       242	           9	         62	1.0e0000	           0.00		2.6e-003	          -5.97	
   4	MX000124                  FadR	3.8e-013	   7.4e-016	         -34.84	         0.0	       88	        484	          98	        227	  0.18182	3.1e-018	       241	         999	       5324	1.0e0000	          -0.00		4.1e-014	         -30.82	
   4	MX000126               FlhD2C2	1.1e-006	   2.1e-009	         -19.96	         0.0	      180	        484	          73	        104	  0.37190	8.9e-012	       241	         392	       1019	1.0e0000	           0.00		1.2e-007	         -15.90	
   4	MX000127                  FhlA	1.3e-006	   2.4e-009	         -19.83	         0.0	      168	        494	         156	        293	  0.34008	9.9e-012	       246	        2124	       6288	1.0e0000	           0.00		4.8e-009	         -19.15	
   4	MX000128                   Fur	2.6e-015	   5.1e-018	         -39.82	         0.0	      130	        482	          74	        105	  0.26971	2.1e-020	       240	         127	        476	1.0e0000	           0.00		2.0e-014	         -31.52	
   4	MX000132                  FliA	1.4e-001	   2.7e-004	          -8.22	         0.0	       28	        474	          10	         26	  0.05907	1.1e-006	       236	          24	        424	1.0e0000	           0.00		8.5e-004	          -7.07	
   4	MX000133                  GntR	6.1e-004	   1.2e-006	         -13.65	         0.0	      241	        485	          69	         86	  0.49691	4.9e-009	       242	         431	        918	1.0e0000	           0.00		3.0e-007	         -15.01	
   4	MX000134                  IciA	5.0e-019	   9.7e-022	         -48.38	         0.0	       63	        489	         111	        313	  0.12883	4.0e-024	       244	         826	       6262	1.0e0000	           0.00		8.5e-020	         -43.92	
   4	MX000135                  YhiX	1.2e-012	   2.3e-015	         -33.73	         0.0	       67	        483	          56	        121	  0.13872	9.4e-018	       241	         107	        767	1.0e0000	           0.00		2.7e-012	         -26.65	
   4	MX000140                  LexA	4.2e-007	   8.2e-010	         -20.92	         0.0	       95	        485	          48	         92	  0.19588	3.4e-012	       242	         163	        734	1.0e0000	          -0.00		1.2e-006	         -13.62	
   4	MX000141                  OmpR	1.0e0000	   2.0e-003	          -6.23	         0.0	       93	        491	          43	        119	  0.18941	8.0e-006	       245	         340	       1818	1.0e0000	           0.00		3.0e-003	          -5.79	
   4	MX000142                  OmpR	5.2e-005	   1.0e-007	         -16.11	         0.0	      127	        491	          55	         98	  0.25866	4.1e-010	       245	         144	        569	1.0e0000	           0.00		8.1e-007	         -14.03	
   4	MX000143                  GcvA	2.4e-006	   4.7e-009	         -19.17	         0.0	      128	        496	          59	        104	  0.25806	1.9e-011	       247	         133	        503	1.0e0000	           0.00		1.1e-006	         -13.69	
   4	MX000145                  MetJ	4.0e-003	   7.7e-006	         -11.77	         0.0	      121	        485	          60	        126	  0.24948	3.2e-008	       242	         430	       1716	1.0e0000	           0.00		3.1e-005	         -10.39	
   4	MX000149                   Nac	9.7e-018	   1.9e-020	         -45.42	         0.0	       60	        490	          80	        200	  0.12245	7.7e-023	       244	         272	       2425	1.0e0000	           0.00		1.7e-020	         -45.52	
   4	MX000150                  NagC	2.3e-001	   4.6e-004	          -7.69	         0.0	      132	        478	          18	         24	  0.27615	1.9e-006	       238	          28	         79	1.0e0000	          -0.00		1.5e-001	          -1.89	
   4	MX000151                  NhaR	1.4e-004	   2.8e-007	         -15.09	         0.0	       86	        490	          38	         81	  0.17551	1.1e-009	       244	         144	        741	1.0e0000	          -0.00		3.7e-005	         -10.22	
   4	MX000153                  OmpR	6.6e-012	   1.3e-014	         -31.99	         0.0	       82	        494	          88	        217	  0.16599	5.2e-017	       246	         325	       1870	1.0e0000	           0.00		1.5e-011	         -24.95	
   4	MX000154                  OxyR	9.8e-009	   1.9e-011	         -24.69	         0.0	       51	        467	          40	        101	  0.10921	8.1e-014	       233	          58	        579	1.0e0000	           0.00		9.2e-010	         -20.81	
   4	MX000156                  MngR	8.0e-003	   1.5e-005	         -11.08	         0.0	      141	        487	          17	         19	  0.28953	6.4e-008	       243	          36	         97	1.0e0000	          -0.00		5.6e-003	          -5.18	
   4	MX000157                  PdhR	2.0e-008	   4.0e-011	         -23.95	         0.0	      235	        495	         179	        254	  0.47475	1.6e-013	       247	        1421	       3017	1.0e0000	           0.00		9.0e-011	         -23.13	
   4	MX000158                  MetR	2.3e0000	   4.4e-003	          -5.42	         0.0	      294	        494	         225	        318	  0.59514	1.8e-005	       246	        4556	       7787	1.0e0000	           0.00		1.5e-003	          -6.50	
   4	MX000160             RcsA-RcsB	4.4e-023	   8.5e-026	         -57.73	         0.0	       65	        487	         109	        268	  0.13347	3.5e-028	       243	         382	       2806	1.0e0000	           0.00		2.5e-022	         -49.75	
   4	MX000163                   Lrp	7.8e-001	   1.5e-003	          -6.50	         0.0	      136	        476	          57	        119	  0.28571	6.4e-006	       237	         523	       1850	1.0e0000	           0.00		2.2e-003	          -6.13	
   4	MX000164                   Lrp	4.3e-001	   8.3e-004	          -7.09	         0.0	       44	        476	          10	         20	  0.09244	3.5e-006	       237	          22	        292	1.0e0000	           0.00		6.8e-004	          -7.30	
   4	MX000165                  MarA	2.9e-012	   5.5e-015	         -32.83	         0.0	       63	        481	          78	        219	  0.13098	2.3e-017	       240	         243	       1946	1.0e0000	           0.00		6.9e-014	         -30.30	
   4	MX000167                  DegU	1.1e0000	   2.1e-003	          -6.16	         0.0	      183	        481	          28	         38	  0.38046	8.8e-006	       240	         101	        267	1.0e0000	           0.00		7.2e-003	          -4.93	
   4	MX000169                  NarP	1.3e-011	   2.5e-014	         -31.33	         0.0	      120	        494	         134	        287	  0.24291	1.0e-016	       246	        1652	       7260	1.0e0000	           0.00		6.8e-016	         -34.92	
   4	MX000170                   Rob	1.3e-016	   2.6e-019	         -42.79	         0.0	       67	        481	          80	        188	  0.13929	1.1e-021	       240	         193	       1471	1.0e0000	           0.00		1.3e-017	         -38.85	
   4	MX000174                  SoxS	1.0e-014	   2.0e-017	         -38.47	         0.0	      219	        481	         181	        243	  0.45530	8.2e-020	       240	        1096	       2452	1.0e0000	           0.00		5.0e-017	         -37.54	
   4	MX000178                  TorR	6.3e0000	   1.2e-002	          -4.40	         0.0	       61	        493	          41	        176	  0.12373	5.0e-005	       246	         470	       3911	1.0e0000	           0.00		9.0e-003	          -4.71	
   4	MX000181                   Crp	1.3e-009	   2.6e-012	         -26.68	         0.0	       77	        479	          39	         68	  0.16075	1.1e-014	       239	          60	        382	1.0e0000	           0.00		6.7e-010	         -21.13	
   4	MX000182                  TyrR	1.4e-012	   2.6e-015	         -33.57	         0.0	       73	        483	          50	         94	  0.15114	1.1e-017	       241	         121	        814	1.0e0000	           0.00		3.0e-013	         -28.85	
   4	MX000186                  AlgZ	1.2e0000	   2.3e-003	          -6.06	         0.0	      379	        487	         101	        108	  0.77823	9.6e-006	       243	        1810	       2371	1.0e0000	           0.00		7.6e-004	          -7.18	
   4	MX000188                  SarA	6.2e-029	   1.2e-031	         -71.20	         0.0	       95	        485	         122	        212	  0.19588	4.9e-034	       242	         282	       1404	1.0e0000	           0.00		1.7e-025	         -57.04	
   4	MX000191                  PpsR	1.3e-003	   2.6e-006	         -12.86	         0.0	       70	        482	          21	         39	  0.14523	1.1e-008	       240	          78	        584	1.0e0000	           0.00		3.2e-006	         -12.64	
   4	MX000194                  SigI	7.9e-001	   1.5e-003	          -6.48	         0.0	      184	        486	          23	         29	  0.37860	6.4e-006	       242	          79	        222	1.0e0000	           0.00		1.9e-003	          -6.24	
   4	MX000196                  YvaN	5.8e-004	   1.1e-006	         -13.70	         0.0	       91	        495	         103	        324	  0.18384	4.5e-009	       247	        1605	       8612	1.0e0000	           0.00		4.9e-006	         -12.22	
   4	MX000199                  CovR	1.0e-007	   2.0e-010	         -22.33	         0.0	       82	        492	          38	         70	  0.16667	8.2e-013	       245	          54	        283	1.0e0000	           0.00		2.9e-006	         -12.74	
   4	MX000200                  MelR	8.3e-005	   1.6e-007	         -15.64	         0.0	      151	        483	          68	        115	  0.31263	6.7e-010	       241	         234	        767	1.0e0000	           0.00		9.5e-007	         -13.87	
   4	MX000201                  LeuO	5.8e-017	   1.1e-019	         -43.63	         0.0	       60	        492	          66	        152	  0.12195	4.6e-022	       245	         133	       1031	1.0e0000	           0.00		8.9e-015	         -32.36	
   4	MX000202                  CovR	2.6e-011	   5.0e-014	         -30.62	         0.0	      148	        496	          83	        127	  0.29839	2.0e-016	       247	         221	        741	1.0e0000	           0.00		9.9e-012	         -25.34	
   4	MX000203                  DevR	1.5e0000	   2.9e-003	          -5.83	         0.0	      395	        487	         255	        282	  0.81109	1.2e-005	       243	        4768	       5898	1.0e0000	           0.00		2.8e-003	          -5.88	
   4	MX000204                  murR	3.9e-001	   7.7e-004	          -7.17	         0.0	      255	        495	         209	        326	  0.51515	3.1e-006	       247	        4066	       7840	1.0e0000	           0.00		2.0e-003	          -6.23	
   4	MX000205                  CmeR	9.5e-006	   1.9e-008	         -17.80	         0.0	       45	        489	          24	         58	  0.09202	7.6e-011	       244	          25	        307	1.0e0000	           0.00		6.3e-007	         -14.28	
   4	MX000209                  NtcA	1.0e-015	   1.9e-018	         -40.78	         0.0	       69	        487	          93	        239	  0.14168	8.0e-021	       243	         479	       3538	1.0e0000	           0.00		2.5e-018	         -40.53	
   4	MX000210                  NtcA	3.4e-009	   6.6e-012	         -25.74	         0.0	       71	        487	          73	        202	  0.14579	2.7e-014	       243	         406	       3128	1.0e0000	           0.00		2.6e-013	         -28.99	
   4	MX000211                  SdpR	6.8e-012	   1.3e-014	         -31.96	         0.0	       82	        494	         108	        294	  0.16599	5.3e-017	       246	         854	       5141	1.0e0000	           0.00		2.3e-013	         -29.12	
   5	ArcA_Gammaproteobacteria ArcA_Gammaproteobacteria	1.0e-001	   2.0e-004	          -8.53	         0.0	       46	        486	           8	         11	  0.09465	8.2e-007	       242	           5	         37	1.0e0000	           0.00		9.1e-002	          -2.40	
   5	Crp_Gammaproteobacteria Crp_Gammaproteobacteria	3.0e-018	   5.9e-021	         -46.58	         0.0	      141	        479	         150	        250	  0.29436	2.5e-023	       239	         732	       2593	1.0e0000	           0.00		7.2e-021	         -46.38	
   5	DeoR_Enterobacteriales DeoR_Enterobacteriales	7.1e-003	   1.4e-005	         -11.20	         0.0	       73	        485	          10	         11	  0.15052	5.7e-008	       242	           8	         73	1.0e0000	           0.00		3.8e-005	         -10.18	
   5	FadR_Gammaproteobacteria FadR_Gammaproteobacteria	3.9e-014	   7.5e-017	         -37.13	         0.0	       84	        484	         129	        340	  0.17355	3.1e-019	       241	        1496	       8811	1.0e0000	           0.00		4.8e-017	         -37.57	
   5	FixK_FnrN_Rhizobiales FixK_FnrN_Rhizobiales	2.6e0000	   5.1e-003	          -5.27	         0.0	       75	        487	          16	         35	  0.15400	2.1e-005	       243	         113	        618	1.0e0000	          -0.00		7.1e-002	          -2.65	
   6	arcA                      arcA	3.9e0000	   7.7e-003	          -4.87	         0.0	       76	        486	          15	         32	  0.15638	3.2e-005	       242	          51	        246	9.9e-001	          -0.01		3.8e-001	          -0.98	
   6	argR                      argR	9.4e-002	   1.8e-004	          -8.61	         0.0	       77	        483	          17	         31	  0.15942	7.6e-007	       241	          17	        103	1.0e0000	           0.00		1.2e-002	          -4.44	
   6	cpxR                      cpxR	2.3e0000	   4.4e-003	          -5.42	         0.0	      264	        486	          28	         31	  0.54321	1.8e-005	       242	         195	        355	1.0e0000	           0.00		1.1e-002	          -4.48	
   6	crp                        crp	9.7e-016	   1.9e-018	         -40.81	         0.0	       71	        479	          70	        148	  0.14823	7.9e-021	       239	         174	       1147	1.0e0000	           0.00		4.8e-015	         -32.97	
   6	cytR                      cytR	1.2e-003	   2.4e-006	         -12.95	         0.0	      157	        483	          59	         97	  0.32505	9.9e-009	       241	         362	       1038	1.0e0000	          -0.00		1.5e-004	          -8.83	
   6	dnaA                      dnaA	4.4e-002	   8.6e-005	          -9.36	         0.0	       82	        486	          24	         50	  0.16872	3.6e-007	       242	          74	        440	1.0e0000	           0.00		6.1e-004	          -7.40	
   6	fadR                      fadR	1.2e-002	   2.3e-005	         -10.66	         0.0	       74	        484	          20	         38	  0.15289	9.7e-008	       241	          77	        609	1.0e0000	           0.00		4.5e-006	         -12.30	
   6	farR                      farR	2.4e-007	   4.7e-010	         -21.48	         0.0	       69	        491	          52	        133	  0.14053	1.9e-012	       245	         108	        669	1.0e0000	          -0.00		3.1e-006	         -12.67	
   6	fis                        fis	2.2e-015	   4.3e-018	         -39.98	         0.0	      164	        466	          96	        127	  0.35193	1.9e-020	       232	         233	        667	1.0e0000	           0.00		3.6e-015	         -33.25	
   6	fnr                        fnr	3.6e0000	   7.1e-003	          -4.95	         0.0	       21	        479	           7	         22	  0.04384	3.0e-005	       239	           4	        114	1.0e0000	           0.00		5.8e-002	          -2.85	
   6	fur                        fur	6.6e0000	   1.3e-002	          -4.35	         0.0	       69	        483	          14	         32	  0.14286	5.4e-005	       241	          24	        161	1.0e0000	           0.00		1.2e-001	          -2.13	
   6	gcvA                      gcvA	3.7e-001	   7.2e-004	          -7.24	         0.0	       59	        481	           7	          8	  0.12266	3.0e-006	       240	           7	         38	1.0e0000	           0.00		9.9e-002	          -2.32	
   6	glpR                      glpR	1.3e-006	   2.6e-009	         -19.77	         0.0	      139	        481	          73	        126	  0.28898	1.1e-011	       240	         378	       1249	1.0e0000	          -0.00		2.3e-007	         -15.27	
   6	hns                        hns	9.3e-009	   1.8e-011	         -24.74	         0.0	      162	        490	         141	        252	  0.33061	7.4e-014	       244	        1240	       3662	1.0e0000	           0.00		8.6e-010	         -20.88	
   6	ihf                        ihf	1.9e-018	   3.7e-021	         -47.05	         0.0	      189	        453	          93	        105	  0.41722	1.6e-023	       226	         216	        477	1.0e0000	          -0.00		4.9e-015	         -32.95	
   6	lrp                        lrp	1.1e-019	   2.1e-022	         -49.92	         0.0	      174	        476	         124	        162	  0.36555	8.8e-025	       237	         377	       1012	1.0e0000	           0.00		9.5e-019	         -41.50	
   6	metJ                      metJ	1.3e-008	   2.6e-011	         -24.37	         0.0	       83	        485	          44	         83	  0.17113	1.1e-013	       242	         123	        792	1.0e0000	           0.00		4.6e-011	         -23.81	
   6	metJ3                    metJ3	9.9e-001	   1.9e-003	          -6.25	         0.0	       79	        477	          10	         14	  0.16562	8.1e-006	       238	           4	         32	1.0e0000	           0.00		3.7e-002	          -3.30	
   6	metR                      metR	2.0e-004	   3.9e-007	         -14.75	         0.0	      184	        486	          58	         82	  0.37860	1.6e-009	       242	         367	        885	9.7e-001	          -0.03		6.9e-005	          -9.58	
   6	nagC                      nagC	1.3e0000	   2.5e-003	          -5.99	         0.0	       94	        478	          11	         15	  0.19665	1.1e-005	       238	          11	         52	1.0e0000	           0.00		7.6e-002	          -2.58	
   6	ompR                      ompR	3.2e-007	   6.1e-010	         -21.21	         0.0	       63	        481	          39	         91	  0.13098	2.6e-012	       240	          74	        554	1.0e0000	           0.00		1.2e-007	         -15.95	
   6	pdhR                      pdhR	6.9e-001	   1.3e-003	          -6.62	         0.0	      256	        484	          29	         32	  0.52893	5.5e-006	       241	          78	        140	1.0e0000	           0.00		2.4e-002	          -3.73	
   6	phoB                      phoB	8.4e-006	   1.6e-008	         -17.93	         0.0	       77	        479	          21	         30	  0.16075	6.8e-011	       239	          33	        123	3.3e-001	          -1.12		4.0e-003	          -5.51	
   6	rpoD15                  rpoD15	6.1e-030	   1.2e-032	         -73.52	         0.0	       96	        474	         141	        254	  0.20253	5.0e-035	       236	         365	       1720	1.0e0000	           0.00		1.4e-025	         -57.20	
   6	rpoD16                  rpoD16	7.7e-030	   1.5e-032	         -73.28	         0.0	       87	        473	         124	        224	  0.18393	6.3e-035	       236	         298	       1748	1.0e0000	           0.00		1.3e-030	         -68.81	
   6	rpoD17                  rpoD17	3.7e-023	   7.2e-026	         -57.90	         0.0	      170	        472	         178	        254	  0.36017	3.1e-028	       235	         855	       2499	1.0e0000	           0.00		4.9e-026	         -58.28	
   6	rpoD18                  rpoD18	3.3e-020	   6.5e-023	         -51.09	         0.0	      193	        471	         163	        214	  0.40977	2.8e-025	       235	         506	       1228	1.0e0000	           0.00		1.9e-019	         -43.12	
   6	rpoD19                  rpoD19	1.7e-018	   3.4e-021	         -47.14	         0.0	       72	        470	         105	        253	  0.15319	1.4e-023	       234	         306	       2055	1.0e0000	           0.00		6.5e-019	         -41.88	
   6	rpoS17                  rpoS17	1.4e-019	   2.7e-022	         -49.65	         0.0	       72	        472	          98	        222	  0.15254	1.2e-024	       235	         273	       1965	1.0e0000	           0.00		7.9e-022	         -48.59	
   6	rpoS18                  rpoS18	1.3e-007	   2.5e-010	         -22.10	         0.0	       63	        471	          41	         95	  0.13376	1.1e-012	       235	         119	        866	1.0e0000	           0.00		1.8e-008	         -17.84	
   6	soxS                      soxS	1.3e-008	   2.6e-011	         -24.37	         0.0	       62	        466	          48	        117	  0.13305	1.1e-013	       232	         124	        876	1.0e0000	           0.00		1.5e-008	         -18.05	
   6	torR                      torR	8.6e-002	   1.7e-004	          -8.70	         0.0	      123	        491	          53	        113	  0.25051	6.8e-007	       245	         420	       1609	1.0e0000	           0.00		9.5e-004	          -6.96	
   6	tyrR                      tyrR	8.3e-007	   1.6e-009	         -20.25	         0.0	       81	        479	          33	         58	  0.16910	6.7e-012	       239	          81	        413	1.0e0000	          -0.00		2.2e-006	         -13.02	
##
# Detailed descriptions of columns in this file:
#
# db:	The name of the database (file name) that contains the motif.
# id:	A name for the motif that is unique in the motif database file.
# alt:	An alternate name of the motif that may be provided 
#	in the motif database file.
# E-value:	The expected number motifs that would have least one 
#	region as enriched for best matches to the motif as the reported region.
#	The E-value is the p-value multiplied by the number of motifs in the
#	input database(s).
# adj_p-value:	The probability that any tested region would be as enriched for
#	best matches to this motif as the reported region is.
#	By default the p-value is calculated by using the one-tailed binomial
#	test on the number of sequences with a match to the motif 
#	that have their best match in the reported region, corrected for
#	the number of regions and score thresholds tested.
#	The test assumes that the probability that the best match in a sequence
#	falls in the region is the region width divided by the
#	number of places a motif
#	can align in the sequence (sequence length minus motif width plus 1).
#	When CentriMo is run in discriminative mode with a negative
#	set of sequences, the p-value of a region is calculated
#	using the Fisher exact test on the 
#	enrichment of best matches in the positive sequences relative
#	to the negative sequences, corrected
#	for the number of regions and score thresholds tested.
#	The test assumes that the probability that the best match (if any)
#	falls into a given region
#	is the same for all positive and negative sequences.
# log_adj_p-value:	Log of adjusted p-value.
# bin_location:	Location of the center of the most enriched region.
# bin_width:	The width (in sequence positions) of the most enriched region.
#	A best match to the motif is counted as being in the region if the
#	center of the motif falls in the region.
# total_width:	The window maximal size which can be reached for this motif:
#		rounded(sequence length - motif length +1)/2
# sites_in_bin:	The number of (positive) sequences whose best match to the motif
#	falls in the reported region.
#	Note: This number may be less than the number of
#	(positive) sequences that have a best match in the region.
#	The reason for this is that a sequence may have many matches that score
#	equally best.
#	If n matches have the best score in a sequence, 1/n is added to the
#	appropriate bin for each match.
# total_sites:	The number of sequences containing a match to the motif
#	above the score threshold.
# p_success:	The probability of falling in the enriched window:
#		bin width / total width
# p-value:	The uncorrected p-value before it gets adjusted to the
#	number of multiple tests to give the adjusted p-value.
# mult_tests:	This is the number of multiple tests (n) done for this motif.
#	It was used to correct the original p-value of a region for
#	multiple tests using the formula:
#		p' = 1 - (1-p)^n where p is the uncorrected p-value.
#	The number of multiple tests is the number of regions
#	considered times the number of score thresholds considered.
#	It depends on the motif length, sequence length, and the type of
#	optimizations being done (central enrichment, local enrichment,
#	score optimization).
# neg_sites_in_bin:	The number of negative sequences where the best
#	match to the motif falls in the reported region.
#	This value is rounded but the underlying value may contain
#	fractional counts.
#	Note: This number may be less than the number of negative have a
#	best match in the region.
#	The reason for this is that a sequence may have many matches that
#	score equally best.
#	If n matches have the best score in a sequence, 1/n is added to the
#	appropriate bin for each match.
# neg_sites:	The number of negative sequences containing a match to the
#	motif above the minimum score threshold.
#	When score optimization is enabled the score threshold may be raised
#	higher than the minimum.
# neg_adj_pvalue:	The probability that any tested region in the negative
#	sequences would be as enriched for best matches to this motif
#	according to the Binomial test.
# log_neg_adj_pvalue:	Log of negative adjusted p-value.
# fisher_adj_pvalue:	Fisher adjusted p-value before it gets adjusted to the
#	number of motifs in the input database(s).
#	Refers to the E-value definition using the discriminative mode.
# log_fisher_adj_pvalue:	Log of Fisher adjusted p-value.
