1438525
1483575
1813075
3340175
3765675
4021575
4990825
5370500
5521450
7470575
1574875
1538675
284475
5970350
8216200
6781775
6275525
5111575
502275
4776750
3648850
7962850
107775
4056750
5232875
4798225
8015225
1446675
8216150
2685875
4842075
945550
3813825
1629350
4792100
1935550
7988200
1904750
4157200
6889275
2589100
4171275
2265650
5007350
2070300
3957150
2070275
3884875
5705225
6518625
4117225
4607650
2397475
1638500
6323575
7474275
2731250
2307575
5508725
5219425
4220075
7158125
3757850
6449350
4212500
5840050
905725
3757875
3279250
501825
6076250
7493575
4682500
884600
4956850
3275925
7472425
4699325
7838825
2297325
3144100
4682475
3673125
4153050
2787475
2854100
1086975
6703550
5245650
3872400
1385300
1171900
1528125
4192900
3940375
1201525
5212775
3884925
7626100
7001150
4178950
6508200
703625
4600725
4178925
2866075
6934250
4684950
5117650
3940425
3491200
5235600
594675
4684900
3014450
4545350
5284925
2549875
3301300
6348175
2425525
3540325
1433300
3862825
5480100
2425275
5296600
5089475
4685050
6601375
5032550
1346275
7472475
3197200
3349275
2854150
1503250
1337400
6508300
140950
2278925
1043250
3147525
5339400
5426475
8156200
5149350
4802600
5992875
240725
6733725
2129325
3222650
3038300
3011125
6882000
1189600
513600
8156175
169850
6379725
7022500
4030350
2530125
3051050
1777400
6733750
4725700
5814575
7181875
2577650
4980625
5488600
4090875
2884050
5005650
2009900
6058825
4168375
2545475
1148775
2545450
1920250
4734200
4684700
1182850
1294600
7148425
2425575
2573200
600575
1024225
670825
7203100
4754900
86775
4090850
1487100
1877775
8222750
7953575
3610525
2909800
1433250
3862900
608350
4308075
2394675
3147425
3546100
7066725
5122650
7126775
5239675
1977075
1294650
5671025
7526850
1182875
6967475
5670725
6147525
5234950
1288500
584400
1294525
3045200
4566800
584450
3973800
3745125
4741600
2607075
1977050
7060650
5670750
4906850
639750
2384725
3038250
3670125
2096900
7988075
3945125
7804125
3481350
6588200
5479300
3306225
6803300
3406075
1941625
2425425
5682625
5695000
1433375
3961325
3745225
3101350
2466150
5386525
5002275
5215400
1082350
3307450
4747850
2484975
1068000
6561450
7043100
4580300
2836350
4180400
6459350
1155275
5671100
5386475
248575
7526825
444650
5829700
1539850
5793425
3517650
6018200
4144025
5850025
1446775
1951925
6791525
1500650
3093125
1252325
5670975
1294450
96150
3892350
5139725
4160425
5215175
4694050
4694025
4408025
6137550
8027000
8069775
6467875
4381625
1572750
4141575
3459275
6011775
6502975
6470700
6719475
2956875
3406100
1371825
4708350
7157275
7155400
6177175
2585325
6558950
1093650
724000
2339300
7192425
6219450
1553450
7637350
4141600
4433725
463200
1736575
2960700
7304900
5146900
5694675
1812025
5062425
7838700
4090525
2530200
5052600
6184575
1404675
4566750
3950800
