#pattern name	sequence name	start	stop	strand	score	p-value	q-value	matched sequence
2	2854150	226	236	+	19.7087	1.05e-07	0.00183	ATTGGTCAGGA
2	2854100	276	286	+	19.7087	1.05e-07	0.00183	ATTGGTCAGGA
2	1538675	280	290	-	18.7184	5.29e-07	0.00617	ATTCGTCAGGA
2	7472425	249	259	+	18.2621	8e-07	0.00661	ATTGGTCATGA
2	5521450	270	280	+	17.9417	9.44e-07	0.00661	ATTCATGAGGA
2	5970350	284	294	-	16.0777	2.99e-06	0.0157	TTTGGTGAAAA
2	2397475	286	296	+	16.0291	3.13e-06	0.0157	ATGGATGAGGA
2	7470575	252	262	+	15.5437	4.19e-06	0.0184	ATTCGTGTGAA
2	8216200	245	255	+	13.932	7.63e-06	0.0267	ATGGCTCAAAA
2	8216150	295	305	+	13.932	7.63e-06	0.0267	ATGGCTCAAAA
2	4171275	312	322	-	9.8835	3.42e-05	0.106	TTTCCTCTAAA
2	2854150	172	182	-	9.59223	3.92e-05	0.106	ATCCGTCAAAA
2	2854100	222	232	-	9.59223	3.92e-05	0.106	ATCCGTCAAAA
2	2854150	107	117	+	9.1068	5.14e-05	0.12	ACTCGTCAAGA
2	2854100	157	167	+	9.1068	5.14e-05	0.12	ACTCGTCAAGA
2	1813075	247	257	+	8.24272	6.64e-05	0.145	ATTCGTCATAT
2	5970350	330	340	+	8.03883	7.04e-05	0.145	ATGCGTGAGTA
2	4990825	227	237	-	7.53398	9.25e-05	0.18	ATTCCTAATGA
