>107775 6 scaledmin = 0.1 scaledmax = 0.9
0.0117229 0.01585289 0.008670345 0.009740328 0.005322619 0.008023827 0.004693972 0.00567304 0.005839079 0.00295216 0.004622925 0.005322619 0.008023827 0.004350998 0.006456117 0.004245349 0.003365394 0.00802436 0.009497778 0.004160585 0.004130416 0.004180385 0.00435025 0.003776739 0.006291821 0.008528265 0.007264183 0.007524315 0.008969165 0.007415346 0.008969165 0.007524315 0.004213745 0.006460932 0.005134511 0.008376258 0.008363905 0.01169708 0.005725766 0.008353079 0.006904075 0.007524315 0.008969165 0.01015695 0.009586567 0.02273952 0.1568698 0.02601427 0.01637821 0.02584323 0.02601427 0.009728745 0.008976275 0.008160916 0.007367932 0.007029764 0.005034624 0.003067137 0.005643014 0.008502436 0.008160916 0.0128427 0.01582574 0.0128427 0.0298312 0.01232862 0.01216653 0.01282263 0.01216653 0.008803236 0.008775218 0.006111137 0.004217445 0.005458559 0.008113627 0.004246136 0.003398952 0.003647811 0.003826227 0.003848964 0.005524988 0.00364288 0.006539091 0.01791756 0.004364379 0.007920315 0.0150283 0.009772907 0.01069811 0.01002248 0.007733865 0.007484116 0.006355739 0.008864849 0.0128427 0 0 0 0 0
>1438525 6 scaledmin = 0.1 scaledmax = 0.9
0.005868524 0.0042173 0.003629451 0.004663615 0.008939799 0.006483802 0.006644538 0.00366521 0.003867444 0.00296972 0.005999222 0.003672288 0.004121598 0.003836628 0.005707258 0.0096103 0.00554089 0.005135241 0.01085838 0.003634199 0.01294178 0.008312953 0.01046419 0.009355135 0.008835489 0.008143113 0.004047684 0.003971162 0.007225865 0.01981478 0.003899263 0.01484923 0.009611877 0.01209213 0.008728344 0.008147283 0.01303452 0.01382207 0.01338867 0.01754279 0.006561621 0.003233233 0.004415975 0.004663615 0.003271751 0.003677532 0.003649724 0.004236873 0.003391537 0.003639853 0.00291796 0.004864819 0.01154121 0.01599223 0.03691201 0.02390013 0.01579121 0.01281469 0.02976612 0.01230172 0.007584163 0.009759376 0.01294442 0.01277161 0.009112995 0.006259373 0.0114387 0.01256492 0.009395419 0.009817424 0.01000765 0.00993047 0.01617928 0.01499552 0.03848939 0.006109504 0.007818899 0.008193847 0.007172483 0.007798233 0.01010808 0.03848939 0.01499552 0.01617928 0.009780448 0.01594128 0.01556178 0.01365576 0.01793835 0.01331913 0.01052787 0.007449504 0.01715499 0.01692819 0.007305357 0 0 0 0 0
>1446675 6 scaledmin = 0.1 scaledmax = 0.9
0.003165105 0.005917219 0.006659406 0.006832673 0.005997903 0.005883814 0.004039804 0.002757107 0.004958412 0.004956815 0.01204512 0.0065402 0.007986049 0.01171833 0.01888153 0.008098223 0.008491918 0.008365751 0.01346069 0.008428247 0.01888153 0.004572678 0.005428889 0.003130838 0.004315309 0.00366415 0.006516465 0.007824925 0.008214443 0.008491918 0.02230523 0.01413599 0.02245285 0.1353939 0.1121698 0.03222878 0.0126294 0.0122049 0.01049517 0.007986049 0.008214443 0.01446241 0.007914758 0.009848641 0.006005227 0.00439466 0.002701729 0.002183715 0.003493528 0.004936452 0.0144771 0.008828523 0.005443634 0.008441707 0.01119672 0.01104724 0.007882598 0.00444693 0.00438182 0.004768603 0.003451703 0.004902752 0.00316406 0.003741276 0.002956297 0.003465937 0.003532449 0.003451703 0.004312054 0.006105064 0.004229498 0.00444693 0.01108017 0.0135996 0.01383364 0.0097717 0.01053113 0.007087549 0.03907196 0.0107913 0.004163434 0.009461536 0.005958363 0.003073019 0.003874607 0.002941204 0.003743592 0.002941204 0.002827717 0.003240436 0.002390944 0.0027015 0.005071327 0.006280921 0.005922293 0 0 0 0 0
>1483575 6 scaledmin = 0.1 scaledmax = 0.9
0.003318776 0.007518787 0.007664578 0.006522439 0.004725454 0.00414125 0.003481591 0.003573832 0.004024651 0.00414125 0.00409232 0.005015786 0.009264189 0.01071985 0.01037631 0.008197876 0.005514432 0.004944615 0.004398438 0.004418866 0.003338325 0.00585962 0.0109384 0.01156652 0.007051354 0.007279975 0.0193908 0.007252842 0.007094549 0.009784047 0.007457222 0.007591004 0.008121919 0.0070462 0.007567958 0.008026241 0.005921532 0.01060499 0.008735174 0.007960657 0.004013959 0.005681169 0.004620774 0.006555982 0.006548919 0.005770764 0.003930478 0.01425135 0.01342984 0.003581689 0.003743086 0.01180981 0.0104754 0.009600066 0.01737861 0.02225801 0.01484863 0.004466437 0.005823479 0.01019883 0.00992703 0.01068326 0.007638086 0.03326772 0.04021998 0.03210699 0.01642674 0.01762058 0.0106904 0.01728317 0.01091558 0.05881777 0.01180981 0.006988022 0.006629186 0.02581206 0.01657519 0.009411261 0.01123214 0.02921551 0.01092321 0.007125154 0.007290324 0.006344764 0.006918754 0.006368438 0.006229468 0.009341656 0.01341885 0.006945979 0.01156652 0.01491554 0.01024055 0.005834267 0.005887105 0 0 0 0 0
>1538675 6 scaledmin = 0.1 scaledmax = 0.9
0.002225795 0.004883417 0.006972497 0.005009385 0.007447938 0.006405119 0.01011389 0.005154351 0.004485828 0.005797835 0.003484783 0.01259124 0.004738482 0.003830506 0.007620783 0.007697877 0.005423569 0.005646951 0.004156856 0.002752548 0.00338376 0.004400347 0.00739016 0.004924678 0.006908883 0.01687683 0.0066947 0.01734046 0.02911788 0.1013425 0.122325 0.03165333 0.01951276 0.01715169 0.02697569 0.0101104 0.003898846 0.003682788 0.00364697 0.004085097 0.004615283 0.006943587 0.01306642 0.007150783 0.008897998 0.004954223 0.003208164 0.002869101 0.002346049 0.005377154 0.004696349 0.009926179 0.008747549 0.006176156 0.006110403 0.007892308 0.006474448 0.003835049 0.002416295 0.002569575 0.00266402 0.002844514 0.005127851 0.01370954 0.01046313 0.006554584 0.00679963 0.02016914 0.004252997 0.004200022 0.004918722 0.01016037 0.005554455 0.006015165 0.00731654 0.006385159 0.008204527 0.00659384 0.003496256 0.008442279 0.007242524 0.005990172 0.01011389 0.009495065 0.03328951 0.01464045 0.01553948 0.01432429 0.002818379 0.003970464 0.002456732 0.004854547 0.00682803 0.01457974 0.01705899 0 0 0 0 0
>1574875 6 scaledmin = 0.1 scaledmax = 0.9
0.002888175 0.004451588 0.005500252 0.005905941 0.02092513 0.01349363 0.005817377 0.004507958 0.004771738 0.004583598 0.006326638 0.007846157 0.004020395 0.002888175 0.003138544 0.003181244 0.00487765 0.004182852 0.003725797 0.006132809 0.01003361 0.003636018 0.004642323 0.006037021 0.004833874 0.00491338 0.003340314 0.006028604 0.008183266 0.007334482 0.004093382 0.009647104 0.004891737 0.005344348 0.004332356 0.004387206 0.008037981 0.007846157 0.003694581 0.01369322 0.01129049 0.008445619 0.01129049 0.2073075 0.05705208 0.00738548 0.01172772 0.009247746 0.0122703 0.006713231 0.01072478 0.02187778 0.01446778 0.009514968 0.0100795 0.007150756 0.008787453 0.01387567 0.007071471 0.01128757 0.03226904 0.01526182 0.009137624 0.00617726 0.006028604 0.008183266 0.007245131 0.006881573 0.004247608 0.005300026 0.004040439 0.006731129 0.003490022 0.01070413 0.007177092 0.007356251 0.00518834 0.005057576 0.004851577 0.005256446 0.004641875 0.003147215 0.003362385 0.007951779 0.01006482 0.009371728 0.01579961 0.02805614 0.007645555 0.004405961 0.005557256 0.003997497 0.004266497 0.002841204 0.003586405 0 0 0 0 0
>1629350 6 scaledmin = 0.1 scaledmax = 0.9
0.008067451 0.0111378 0.01516516 0.004431699 0.004529099 0.003238295 0.0056899 0.01282794 0.005242884 0.006427126 0.006156363 0.006458211 0.004540346 0.006867015 0.00454508 0.006644118 0.005882431 0.004948697 0.005253731 0.003435759 0.007790659 0.008822374 0.01455469 0.007965262 0.009911485 0.006043546 0.005611996 0.003301746 0.002503965 0.00259527 0.005754917 0.005419353 0.00770005 0.02080515 0.03213204 0.01428797 0.004126843 0.007173919 0.01126199 0.006612159 0.0139213 0.01004667 0.01130411 0.006788391 0.007766668 0.01185511 0.01020442 0.009962439 0.008413512 0.01132342 0.007705345 0.004339569 0.00614402 0.003264219 0.006370414 0.005136693 0.007782128 0.006012561 0.007194725 0.007671069 0.01203216 0.01117883 0.007173919 0.00745723 0.007275657 0.007264928 0.01016014 0.01297504 0.004812253 0.004983424 0.005745988 0.007771262 0.008546105 0.01305365 0.02056906 0.01711137 0.03387657 0.1683161 0.01126816 0.003850823 0.002946509 0.003766516 0.003402529 0.00337614 0.005480163 0.007848629 0.02094244 0.03296063 0.01975166 0.0103855 0.003143045 0.003697636 0.003047257 0.00319361 0.002862029 0 0 0 0 0
>1813075 6 scaledmin = 0.1 scaledmax = 0.9
0.005202111 0.007711536 0.006927758 0.008876752 0.002802405 0.00438914 0.009966341 0.004556009 0.005030616 0.004870481 0.00343918 0.00399477 0.004087754 0.003016605 0.00366942 0.003657366 0.008189422 0.003173629 0.005218752 0.003237532 0.003166423 0.003023342 0.004866061 0.00733693 0.03705263 0.008019072 0.006287487 0.01061588 0.00298106 0.003698259 0.003759087 0.00299168 0.003317275 0.003342604 0.004054899 0.006018564 0.003072962 0.002743856 0.002921208 0.002743856 0.003072962 0.003952794  0.01439 0.01625366 0.009952756 0.01465213 0.03494179 0.009966341 0.01061588 0.006818948 0.01752772 0.1063725 0.007734301 0.1063725 0.03056311 0.00892884 0.009089315 0.004644788 0.004670975 0.01101923 0.0046767 0.005342775 0.00428285 0.006470821 0.005213485 0.00452215 0.002607533 0.002515015 0.006643171 0.01407189 0.01447653 0.01466535 0.005352183 0.00777087 0.01446137 0.007178311 0.005973608 0.003616791 0.0114226 0.004700635 0.004217102 0.004155357 0.00452215 0.005213485 0.006470821 0.00428285 0.005342775 0.006238558 0.01665513 0.03953401 0.0293935 0.01219036 0.01699246 0.01899175 0.006640925 0 0 0 0 0
>2397475 6 scaledmin = 0.1 scaledmax = 0.9
0.004685705 0.007877371 0.007343795 0.0370873 0.0284676 0.008274292 0.007779924 0.002800433 0.002395291 0.00242937 0.003076115 0.002989506 0.002316816 0.005794956 0.002316816 0.002989506 0.003654137 0.003114162 0.003383869 0.003408585 0.006124377 0.005633158 0.003384027 0.003015123 0.004925645 0.005130595 0.007325416 0.00526294 0.01062798 0.1587535 0.007781114 0.007130917 0.005278167 0.006436774 0.009861303 0.005035323 0.005012296 0.004706549 0.00401466 0.002211728 0.002403457 0.002436157 0.003735243 0.01900952 0.05218068 0.01883509 0.007606667 0.005633324 0.007655057 0.006862301 0.006356048 0.01119678 0.008324659 0.01271665 0.01125711 0.01538149 0.03497449 0.01374237 0.00971224 0.007132109 0.00971224 0.007809172 0.008915245 0.006236499 0.007477565 0.01188414 0.01745226 0.01763705 0.01062215 0.008619806 0.003289885 0.004015702 0.01102798 0.007254355 0.007681009 0.008591598 0.006825328 0.01062582 0.00672932 0.005475959 0.007262583 0.01962314 0.008324659 0.007681009 0.003944259 0.006948456 0.004290156 0.01313038 0.006236499 0.006216513 0.005961998 0.004685705 0.01374174 0.01290881 0.01653322 0 0 0 0 0
>2685875 6 scaledmin = 0.1 scaledmax = 0.9
0.003906395 0.005598837 0.004164885 0.0058967 0.004085147 0.005229473 0.009556612 0.008106642 0.005259566 0.01136342 0.01293992 0.01183786 0.007409963 0.007113411 0.007315374 0.006332886 0.00964225 0.005568016 0.005432606 0.01465635 0.004018556 0.00407836 0.007240969 0.005737586 0.005636469 0.008607963 0.006432123 0.006599477 0.006113981 0.003132822 0.003502278 0.004768201 0.003369781 0.003913084 0.002678559 0.004506041 0.003550961 0.003036183 0.002594337 0.005591257 0.01989796 0.0120408 0.01154782 0.01057332 0.006178549 0.008292696 0.005957665 0.004350147 0.004016666 0.007917729 0.1615407 0.02426776 0.01241599 0.01895658 0.02022205 0.01300129 0.01109929 0.01843652 0.009709758 0.006048004 0.01642257 0.03251291 0.008926328 0.005281829 0.006436963 0.006358282 0.009233522 0.006689429 0.03251291 0.01642257 0.008106642 0.01661267 0.01198931 0.01624274 0.007557863 0.007557863 0.01895658 0.01325353 0.008296538 0.008470818 0.005329697 0.01396881 0.007423124 0.00360339 0.003036183 0.003550961 0.00275343 0.003088069 0.00260952 0.00338878 0.00445481 0.009450163 0.007763927 0.006909382 0.01388229 0 0 0 0 0
>284475 6 scaledmin = 0.1 scaledmax = 0.9
0.008905378 0.008291415 0.009557235 0.009165879 0.01916713 0.034036 0.009275124 0.006772477 0.006253301 0.00970207 0.008923895 0.005400397 0.006672572 0.00609204 0.01041367 0.007493877 0.007313537 0.009927443 0.008897749 0.01223429 0.00907929 0.008291415 0.008279253 0.004252824 0.004066937 0.003168088 0.004517618 0.007883505 0.005702606 0.00783376 0.01415806 0.04846255 0.01172719 0.01695375 0.02014537 0.03625549 0.01247911 0.01421395 0.0303736 0.01244186 0.01950438 0.01176637 0.00971321 0.006864253 0.0118531 0.007455987 0.006565221 0.007021433 0.009316851 0.01222783 0.008248753 0.005431596 0.005333795 0.008960407 0.009765382 0.008275139 0.00503228 0.004171377 0.004350809 0.003461844 0.004305589 0.007462786 0.01129849 0.007462786 0.004919533 0.003892651 0.004735893 0.004807625 0.004646351 0.004556759 0.003769556 0.005934359 0.007394196 0.008716485 0.01124632 0.03055249 0.0119674 0.0123521 0.02640928 0.0098922 0.008471797 0.006791123 0.005696038 0.007803072 0.004776474 0.005360884 0.008923895 0.00970207 0.0112966 0.02293074 0.01138232 0.008778337 0.007711907 0.008246507 0.007759987 0 0 0 0 0
>2854100 6 scaledmin = 0.1 scaledmax = 0.9
0.008733603 0.008216648 0.01132267 0.0171452 0.01531166 0.008374335 0.004593521 0.003761324 0.009170014 0.01706514 0.01407162 0.009502983 0.008906181 0.008529973 0.01774235 0.01613856 0.007450505 0.01918013 0.008557481 0.009159519 0.00946719 0.02342936 0.008475627 0.01235403 0.00623964 0.009565674 0.02558461 0.006667778 0.003796294 0.006026139 0.006864378 0.004866792 0.006161448 0.003528028 0.004115301 0.005115716 0.004750169 0.008019382 0.004392424 0.02136063 0.008936884 0.006587336 0.01360123 0.009206597 0.00436413 0.00443591 0.01300141 0.01152219 0.005889105 0.007322258 0.05150791 0.01034209 0.005673695 0.009265461 0.01949178 0.01638599 0.004750169 0.003797564 0.003989588 0.006641193 0.005185605 0.007028741 0.003568272 0.004190789 0.004072085 0.003457831 0.005017216 0.003977801 0.003828272 0.008391001 0.00657798 0.02498191 0.0224727 0.03665112 0.0232873 0.02101613 0.01608408 0.01513698 0.005814776 0.008970736 0.01045678 0.005818638 0.005983507 0.004326312 0.006235702 0.02394871 0.01889168 0.01377871 0.005775009 0.006541067 0.006212839 0.00635146 0.003716717 0.006158387 0.004870856 0 0 0 0 0
>2854150 6 scaledmin = 0.1 scaledmax = 0.9
0.05526311 0.01109608 0.006087338 0.009940963 0.02091284 0.01758062 0.005096482 0.004074426 0.00428045 0.007125372 0.005563663 0.007541174 0.003828419 0.00449632 0.004368961 0.003709925 0.005382998 0.004267804 0.004107373 0.00900275 0.00705755 0.02680322 0.02411108 0.03932319 0.02498507 0.02254832 0.0172567 0.01624055 0.006238704 0.009624751 0.01121913 0.006242848 0.006419736 0.004641723 0.006690318 0.0256947 0.02026898 0.01478325 0.006196038 0.007017946 0.006665788 0.006814515 0.003987686 0.006607366 0.005225968 0.007284774 0.00803151 0.007960473 0.009624751 0.005152317 0.007903067 0.007516003 0.005712784 0.005673462 0.009757531 0.01328778 0.005422007 0.006334125 0.005818047 0.008762701 0.01162481 0.01319112 0.008815686 0.01295655 0.01660932 0.01187957 0.01648792 0.005731311 0.004851229 0.004350501 0.003700549 0.003170423 0.003878737 0.003335866 0.003698489 0.003473947 0.003890621 0.007619995 0.008458402 0.009332662 0.009898327 0.01000732 0.008869506 0.009682868 0.01046614 0.03600861 0.01162481 0.009370329 0.009651129 0.008588868 0.009301896 0.01616155 0.009970656 0.0103132 0.01008166 0 0 0 0 0
>3340175 6 scaledmin = 0.1 scaledmax = 0.9
0.003319449 0.003582187 0.002873107 0.003500255 0.003403063 0.004263664 0.005952271 0.003950486 0.003163174 0.002865171 0.003044441 0.002249523 0.002200266 0.005203458 0.006586182 0.00680424 0.005880282 0.006981876 0.002973235 0.004522566 0.008954348 0.006239267 0.005176066 0.004631075 0.003469136 0.004162012 0.001891658 0.003142731 0.002385639 0.001859218 0.00234686 0.002628348 0.002075933 0.001939318 0.002628348 0.002293588 0.002972578 0.002929844 0.00444944 0.0027516 0.004832886 0.03733355 0.1356572 0.009081765 0.004493889 0.02589736 0.01676826 0.007674343 0.004832886 0.03733355 0.1356572 0.007388234 0.005526615 0.007388234 0.1356572 0.02730339 0.005052887 0.00530726 0.00338094 0.004813759 0.006541359 0.005863938 0.005329181 0.006806197 0.005824889 0.02589736 0.01151563 0.01309668 0.007592413 0.00585985 0.005052887 0.01009657 0.006933316 0.003497217 0.002556873 0.004004004 0.002833634 0.002334457 0.001822172 0.00389682 0.002446276 0.007365752 0.004706084 0.002155029 0.005205104 0.004799513 0.005401508 0.003821668 0.004089786 0.006091437 0.005929453 0.005321027 0.00684715 0.006686511 0.003078036 0 0 0 0 0
>3648850 6 scaledmin = 0.1 scaledmax = 0.9
0.01022715 0.0169813 0.01241117 0.006770412 0.01025025 0.01395841 0.006439334 0.003559074 0.005278618 0.004695548 0.008657963 0.004420588 0.004098488 0.004475668 0.007658276 0.01506021 0.01059759 0.007060026 0.006759889 0.00580909 0.005927935 0.004133997 0.01107958 0.01338247 0.005125373 0.00475948 0.004640043 0.005336909 0.00461276 0.003463787 0.005108792 0.004399598 0.003491486 0.004452166 0.004234783 0.004863518 0.008095964 0.009325225 0.01718465 0.01337185 0.02241597 0.02662376 0.02202715 0.019368 0.008759357 0.0261831 0.009809828 0.01225231 0.01753635 0.005560801 0.01281297 0.008963085 0.007642062 0.01259631 0.01180081 0.01181336 0.008657963 0.005350655 0.004340426 0.01004698 0.01120611 0.04467965 0.02677428 0.01067473 0.01060392 0.005698253 0.01031441 0.01521401 0.01433701 0.004460224 0.004300374 0.005037851 0.006064926 0.004893809 0.00572357 0.008345232 0.004566217 0.006734608 0.00812909 0.009325225 0.01022715 0.008103768 0.009889976 0.006591547 0.01022907 0.006734608 0.004566217 0.008345232 0.01644409 0.01555674 0.0161787 0.01827635 0.01089453 0.02508235 0.02372436 0 0 0 0 0
>3765675 6 scaledmin = 0.1 scaledmax = 0.9
0.01114174 0.007447882 0.009194994 0.008138709 0.005625696 0.006636321 0.009624335 0.006339202 0.0062883 0.0060863 0.006300466 0.006720727 0.006731802 0.005199215 0.009671678 0.01360343 0.01083665 0.00807524 0.01107977 0.01190861 0.01513221 0.01360343 0.02904711 0.02117675 0.02957672 0.03512869 0.01314946 0.01495946 0.01115259 0.009061745 0.006621667 0.00571548 0.007070732 0.01519495 0.009798464 0.01589122 0.01994414 0.008004411 0.006364124 0.01021618 0.006148939 0.00977474 0.008138709 0.005625696 0.006636321 0.006566165 0.007802934 0.009799533 0.02120373 0.01197838 0.0126785 0.006882353 0.006546319 0.006929372 0.006656161 0.009187351 0.01139395 0.01400923 0.009396682 0.006601506 0.01089063 0.01000904 0.02605858 0.008885544 0.01066004 0.005766607 0.006339202 0.0062883 0.0060863 0.006300466 0.006720727 0.005587578 0.005874404 0.004606837 0.004398908 0.007976787 0.01301304 0.008698711 0.02025276 0.01201505 0.01095085 0.006021454 0.005706584 0.01034528 0.01009502 0.01391891 0.006691642 0.007441182 0.01305025 0.01490328 0.009771924 0.005635464 0.007767496 0.005093983 0.005310486 0 0 0 0 0
>4021575 6 scaledmin = 0.1 scaledmax = 0.9
0.005239742 0.005704546 0.007135152 0.009912733 0.01094435 0.007758205 0.004776849 0.003272648 0.003253982 0.004539923 0.005460609 0.005119146 0.004945136 0.004056065 0.005489363 0.00854738 0.006507165 0.01094435 0.009912733 0.008897594 0.006598124 0.009385205 0.007261404 0.005095556 0.006706169 0.009020927 0.005360973 0.008154538 0.00834357 0.005867087 0.009300351 0.008873489 0.006355076 0.003871568 0.004597385 0.004099142 0.003771499 0.00457883 0.006311112 0.005358795 0.00814939 0.03129838 0.02468939 0.01800729 0.01215735 0.004974384 0.005721463 0.00424805 0.005658972 0.006763004 0.009200661 0.006890198 0.01226857 0.0106026 0.03807397 0.04603064 0.01637513 0.008102829 0.04669494 0.03023447 0.01997642 0.01621101 0.03765515 0.03807397 0.01800729 0.01215735 0.007219875 0.004853465 0.005213962 0.005469608 0.004224377 0.003672613 0.003754282 0.007604333 0.004685384 0.008661314 0.005150619 0.007503137 0.006440236 0.004832973 0.00750443 0.009436172 0.01213711 0.009436172 0.010987 0.01291166 0.008171907 0.01618568 0.008171907 0.006687511 0.007939715 0.008363163 0.005744989 0.01234594 0.007961279 0 0 0 0 0
>4056750 6 scaledmin = 0.1 scaledmax = 0.9
0.003837641 0.004039239 0.004082236 0.005181265 0.009385856 0.0113367 0.006359749 0.007505056 0.006886403 0.004246087 0.004477699 0.00586069 0.003923481 0.003628075 0.005387495 0.007302589 0.01692177 0.01714849 0.01764159 0.0178717 0.007279644 0.01492236 0.009425285 0.02268132 0.009596997 0.0096679 0.005242921 0.005197367 0.004187462 0.00509778 0.004899676 0.01764159 0.008678954 0.005827043 0.005366078 0.008317996 0.009635569 0.004862976 0.005146807 0.008310209 0.01333165 0.01293242 0.03450514 0.02193907 0.02495916 0.01533796 0.02268132 0.01192592 0.01150683 0.008506436 0.002901491 0.00414831 0.007606893 0.007234334 0.005249532 0.01037931 0.02786368 0.009590659 0.01092395 0.02334323 0.01498983 0.008643208 0.02903608 0.03637309 0.03008579 0.008378104 0.009694541 0.005444587 0.01660178 0.0113367 0.004341862 0.004349244 0.005699186 0.01342842 0.01714849 0.01764159 0.0178717 0.006522354 0.003616482 0.003778394 0.01214532 0.01288826 0.008737659 0.004382663 0.01489956 0.00552603 0.00507437 0.004140408 0.005730201 0.004085984 0.00314859 0.0027631 0.002660555 0.002586024 0.002897043 0 0 0 0 0
>4171275 6 scaledmin = 0.1 scaledmax = 0.9
0.004258901 0.006318054 0.008821796 0.006057722 0.004557313 0.008653524 0.007149654 0.004086423 0.004167583 0.004887009 0.004550045 0.006269018 0.01242848 0.03324155 0.009513654 0.00765159 0.01497054 0.0102413 0.0107186 0.00869065 0.01115024 0.01302298 0.009234108 0.01048617 0.009346129 0.008649597 0.00826886 0.01302298 0.01190986 0.01004824 0.009130195 0.006451896 0.005806864 0.005089324 0.004916327 0.005079497 0.007177471 0.02104932 0.02217237 0.008144988 0.01342528 0.01208851 0.007133114 0.004587156 0.004582667 0.01853323 0.01099321 0.01621525 0.01528053 0.004753753 0.004583383 0.03505644 0.01947912 0.0122088 0.01244136 0.0124892 0.03044128 0.01683845 0.03785217 0.005795963 0.007951004 0.009689886 0.009571443 0.01389969 0.005089324 0.005428798 0.004618506 0.003002166 0.004066322 0.004982522 0.0125908 0.0058145 0.005950357 0.006184626 0.006621387 0.01135141 0.008416803 0.0299534 0.01021759 0.01133934 0.01033472 0.01033472 0.01953995 0.006637237 0.005331764 0.003619088 0.008327062 0.009252219 0.006131386 0.01467891 0.007185382 0.005342177 0.004265415 0.008072211 0.005018685 0 0 0 0 0
>4776750 6 scaledmin = 0.1 scaledmax = 0.9
0.006222823 0.004335403 0.004565474 0.005738549 0.007504697 0.0070136 0.006685286 0.009217603 0.006244774 0.004276797 0.00779961 0.00742578 0.005033252 0.004618594 0.003505962 0.00376037 0.003374175 0.004766921 0.005690108 0.01636938 0.01179416 0.02076249 0.00835033 0.004863766 0.005245782 0.006871692 0.006704577 0.01808794 0.004968582 0.003862651 0.003448971 0.003671899 0.0040504 0.007158325 0.01485999 0.01425159 0.01304892 0.01448792 0.009806794 0.009750342 0.00794409 0.007846987 0.005075906 0.005626604 0.01219668 0.008956535 0.01219668 0.009806794 0.01119581 0.007831824 0.01498897 0.009721859 0.01560288 0.04969344 0.01385879 0.007499065 0.01272829 0.02436319 0.009972108 0.01008437 0.01027866 0.009898974 0.01532303 0.02004575 0.009826573 0.006609223 0.006015103 0.0245568 0.02043052 0.008647909 0.009827166 0.01560288 0.04969344 0.02093515 0.00784174 0.008868773 0.01467697 0.02012327 0.006467597 0.007629099 0.004329367 0.00415877 0.004640551 0.026981 0.01519416 0.007265971 0.005064838 0.00534116 0.004824863 0.007869678 0.006967492 0.005140037 0.007277333 0.005140037 0.006967492 0 0 0 0 0
>4792100 6 scaledmin = 0.1 scaledmax = 0.9
0.002684353 0.002322932 0.002038529 0.002158857 0.002829473 0.002916729 0.003840012 0.003545638 0.005501099 0.002091393 0.003676476 0.002942937 0.002742505 0.002787832 0.00339873 0.01060191 0.003386257 0.00478339 0.003492754 0.005096162 0.006343501 0.00478339 0.00446756 0.008409496 0.00524171 0.006716573 0.008626653 0.01306279 0.006953682 0.007080366 0.006880353 0.007159194 0.01193205 0.007454603 0.005229914 0.004967114 0.006060238 0.007339055 0.00470283 0.007240246 0.007159194 0.03013474 0.01889344 0.02987108 0.1154374 0.09563642 0.01575865 0.009951706 0.0128479 0.008107209 0.005941358 0.01584213 0.01567614 0.01482741 0.0103198 0.02181701 0.01224828 0.008828029 0.01381612 0.006437061 0.006978564 0.007080366 0.006953682 0.006498917 0.006583801 0.005074392 0.005118193 0.01301542 0.0056912 0.008331394 0.01166583 0.008626653 0.004086347 0.007087494 0.002705621 0.002581631 0.003124649 0.00597066 0.01707492 0.01527741 0.009435924 0.03554386 0.014074 0.008035674 0.007339055 0.007108823 0.006159628 0.003131715 0.01072105 0.01609848 0.009991096 0.006627314 0.006060238 0.006527956 0.004733512 0 0 0 0 0
>4798225 6 scaledmin = 0.1 scaledmax = 0.9
0.003417119 0.003224783 0.002443531 0.008795772 0.01059795 0.01210432 0.007835104 0.004936999 0.003599674 0.00230017 0.003417119 0.004652261 0.002680032 0.003814445 0.005318701 0.007722256 0.01281606 0.01303661 0.006796551 0.005673544 0.00477839 0.01201221 0.01135114 0.007334552 0.002778753 0.003484842 0.003012982 0.002546069 0.002997734 0.003646465 0.003634486 0.00813819 0.008795772 0.01140649 0.01638876 0.007449034 0.01779367 0.01462241 0.01294132 0.01076343 0.00544559 0.009924383 0.007972515 0.007658659 0.007552014 0.007048167 0.004286182 0.003996398 0.003688582 0.007229787 0.00782594 0.03330797 0.02088295 0.03301656 0.1275932 0.1057071 0.01741807 0.008066656 0.004321246 0.004709629 0.0296607 0.02367768 0.007253339 0.007525933 0.01849565 0.01046797 0.002704056 0.003696227 0.003928066 0.01429998 0.01615198 0.007114894 0.01179876 0.01256605 0.008029405 0.007077316 0.004751705 0.004509118 0.003130632 0.003031295 0.002880284 0.002964448 0.004098425 0.005188682 0.003165204 0.00335441 0.003328889 0.0042251 0.00291191 0.002418653 0.001985469 0.003298617 0.009009006 0.005285869 0.009790451 0 0 0 0 0
>4990825 6 scaledmin = 0.1 scaledmax = 0.9
0.005297913 0.005977951 0.007662331 0.007421959 0.005824507 0.003193779 0.004367078 0.003600936 0.003115817 0.008509751 0.004105619 0.004019878 0.006306884 0.005684899 0.004679202 0.003237545 0.002655917 0.005490673 0.003164151 0.002910633 0.002268286 0.003600936 0.002626234 0.007295981 0.006435438 0.01653995 0.007259984 0.01198218 0.00755917 0.007419429 0.007084443 0.009505095 0.01819367 0.00701243 0.007502493 0.007502493 0.02963586 0.01662812 0.0104727 0.01436488 0.006101626 0.01314476 0.007759597 0.003262217 0.0058007 0.003876556 0.003406117 0.009966876 0.1488783 0.04097209 0.007603726 0.006309057 0.006535952 0.009924477 0.009827041 0.004963337 0.007609038 0.02035134 0.0053039 0.008422286 0.0184025 0.02842132 0.00746953 0.009025973 0.007419429 0.01863694 0.01165175 0.0275909 0.0175701 0.009744526 0.005836482 0.01147664 0.008986814 0.006425948 0.007565268 0.005423791 0.006121781 0.006886981 0.03478032 0.0266968 0.01208666 0.005591138 0.003134973 0.004759595 0.003908619 0.003063924 0.005649467 0.002905113 0.003329129 0.004881214 0.008766872 0.003974038 0.008766872 0.005345616 0.003024713 0 0 0 0 0
>5111575 6 scaledmin = 0.1 scaledmax = 0.9
0.007214328 0.004517735 0.003322442 0.004618806 0.00366193 0.003524274 0.003735535 0.004357224 0.005108151 0.004497881 0.004810435 0.006383043 0.008377379 0.009383874 0.01138086 0.00377777 0.003935102 0.003829876 0.003649164 0.003624261 0.01966442 0.00858664 0.008061229 0.01257347 0.009055128 0.003044376 0.006138841 0.003524274 0.00366193 0.003148676 0.005891118 0.005547612 0.007019413 0.005943213 0.01732453 0.004130703 0.006279611 0.006547732 0.005680509 0.003599028 0.003483416 0.007134955 0.03467832 0.01751634 0.01119667 0.01386719 0.008372314 0.007429871 0.01297732 0.03467832 0.1722996 0.01153485 0.005707736 0.03289251 0.02129754 0.007882286 0.009383874 0.03242456 0.005148484 0.004639873 0.004284182 0.006646959 0.008549533 0.006646959 0.003699434 0.004441852 0.008806078 0.01282376 0.01297732 0.009355319 0.006001747 0.00645081 0.008867755 0.02331832 0.01313154 0.005223653 0.004992094 0.004885128 0.004972977 0.005229476 0.01593162 0.01572649 0.01528691 0.01508481 0.004372965 0.003496005 0.003846522 0.002625129 0.003017603 0.004476596 0.003110989 0.006891325 0.005877316 0.006558406 0.00956945 0 0 0 0 0
>5232875 6 scaledmin = 0.1 scaledmax = 0.9
0.005988732 0.004932524 0.005595935 0.006326467 0.01333976 0.01220695 0.005803767 0.004974598 0.004860521 0.00646204 0.004793628 0.007136369 0.004489235 0.006109092 0.006186147 0.02933679 0.01803241 0.01099376 0.01803241 0.01736056 0.00647284 0.005243458 0.004363936 0.006480774 0.009777384 0.01618064 0.02218491 0.02812349 0.007322719 0.004815201 0.003817129 0.004158014 0.006442896 0.01006169 0.01478619 0.007993139 0.005932161 0.00715447 0.007458656 0.007295871 0.007681316 0.008675931 0.006391549 0.006549155 0.009100862 0.004937306 0.01289142 0.01067303 0.003982307 0.003683327 0.009316492 0.01083331 0.007286343 0.01353076 0.01083396 0.01736056 0.02639018 0.01744141 0.02912089 0.01095326 0.0181206 0.01091313 0.01011465 0.006482526 0.006191767 0.008521899 0.004651333 0.01456087 0.01787176 0.02288962 0.008724052 0.004831346 0.006130804 0.007526212 0.008362392 0.007885154 0.01285765 0.01454381 0.01510141 0.01418126 0.02319491 0.01137046 0.007195279 0.01116856 0.007548079 0.006343611 0.003859363 0.008983456 0.02013398 0.02288962 0.008724052 0.004831346 0.003746247 0.004258766 0.004208448 0 0 0 0 0
>5370500 6 scaledmin = 0.1 scaledmax = 0.9
0.00712578 0.004911038 0.004079144 0.005150236 0.004494276 0.004066459 0.004494276 0.005150236 0.004079144 0.004294034 0.005055783 0.006149891 0.006129688 0.004012368 0.003411635 0.005877309 0.008112318 0.01006072 0.01236998 0.008297154 0.005426053 0.0123037 0.006576388 0.008370554 0.00816285 0.007071664 0.004511787 0.009803497 0.01364585 0.007887916 0.01194213 0.00426789 0.01582531 0.01169888 0.008630976 0.00524792 0.005759005 0.003927815 0.005797582 0.007139114 0.01077785 0.005010737 0.008750894 0.00735613 0.01906583 0.01166345 0.006376059 0.01831082 0.008985991 0.009616289 0.01143615 0.009643269 0.01063177 0.009067379 0.007891334 0.008605237 0.007920779 0.007730165 0.008954407 0.007295452 0.00571336 0.005667457 0.008067907 0.006433195 0.004519968 0.007846202 0.005763091 0.006722218 0.005460902 0.01586658 0.02198574 0.05074575 0.01141384 0.01333671 0.008536548 0.01142845 0.008922327 0.005763091 0.01145856 0.005763091 0.008922327 0.01053773 0.01343984 0.01538842 0.005689374 0.01126083 0.00933626 0.008286295 0.01328736 0.00949991 0.04137691 0.05002381 0.02414859 0.03119356 0.02024997 0 0 0 0 0
>5521450 6 scaledmin = 0.1 scaledmax = 0.9
0.006736784 0.005439398 0.004462522 0.003562334 0.00402975 0.004036601 0.004923316 0.003855645 0.006736784 0.004970208 0.006365334 0.00382387 0.003329536 0.00350045 0.006807198 0.009288083 0.01174145 0.0212832 0.05896293 0.01441439 0.006875776 0.005360281 0.004830747 0.004699848 0.009119279 0.0101089 0.01770514 0.01022932 0.05896293 0.01730864 0.00731243 0.004602738 0.006756351 0.00811891 0.0163563 0.01552783 0.02586072 0.0131457 0.008337181 0.008907123 0.007804623 0.003305825 0.003850111 0.003748881 0.003788787 0.003278205 0.006133465 0.005775828 0.007308175 0.009769905 0.01184904 0.008454708 0.004769683 0.003748881 0.004624579 0.00916834 0.0133513 0.008040944 0.00653794 0.01367174 0.02427758 0.004175579 0.003590122 0.005325445 0.012357 0.01664255 0.02025193 0.008202025 0.01309072 0.01354602 0.007072038 0.01265209 0.007182183 0.007024512 0.006736916 0.004333766 0.005354493 0.004056845 0.007835526 0.02093255 0.01762423 0.05896293 0.01730864 0.01286652 0.009351081 0.006489527 0.005964203 0.01552783 0.005294734 0.006352126 0.006736784 0.004970208 0.006391379 0.005294988 0.008916089 0 0 0 0 0
>5705225 6 scaledmin = 0.1 scaledmax = 0.9
0.0197866 0.008593 0.01339477 0.005569458 0.007051036 0.007061394 0.007732389 0.01041935 0.007577779 0.00845472 0.004398961 0.003579384 0.005627941 0.00503945 0.01325991 0.0197866 0.01287401 0.02444468 0.009020342 0.004483726 0.004398961 0.003579384 0.007141332 0.006713997 0.009208928 0.01150179 0.008802007 0.01610327 0.0061536 0.006923499 0.007143778 0.01040755 0.01460381 0.02202646 0.02030399 0.003994917 0.00409442 0.003650728 0.003325411 0.003325932 0.00368579 0.004110075 0.004391443 0.004389597 0.006500719 0.004566556 0.005173502 0.007535 0.01041935 0.007577779 0.008218151 0.007883558 0.01419517 0.009798405 0.007387959 0.01037084 0.005310476 0.005294161 0.01150179 0.01715683 0.01506658 0.01732044 0.01631642 0.01668648 0.01668648 0.04263571 0.02392209 0.07040023 0.01721041 0.008209501 0.01592432 0.005086238 0.005978109 0.004867888 0.008016701 0.00748451 0.008215554 0.01039869 0.01074297 0.007473303 0.01141316 0.004229166 0.004153758 0.007818339 0.004153758 0.00377612 0.003642249 0.004067891 0.004179448 0.00812762 0.01108973 0.01107795 0.01644888 0.01440183 0.01195281 0 0 0 0 0
>5970350 6 scaledmin = 0.1 scaledmax = 0.9
0.006782884 0.01031126 0.01200496 0.007083324 0.006894553 0.005159912 0.008683524 0.004548376 0.00468654 0.002591611 0.004062414 0.005100921 0.003295427 0.00410478 0.009931803 0.006968062 0.006133512 0.007137077 0.006721919 0.004965427 0.006928974 0.002581174 0.003187416 0.002945327 0.004288311 0.0102783 0.01858155 0.007015315 0.01194656 0.01048334 0.007835445 0.006667468 0.007275408 0.1484358 0.01348477 0.01741874 0.01992724 0.01979622 0.01992724 0.01741874 0.01101669 0.006291972 0.009935229 0.009797832 0.009894979 0.01140875 0.007452332 0.007480194 0.0118344 0.01151185 0.006921607 0.006806176 0.005518883 0.007619956 0.005955197 0.005323227 0.005910321 0.005251619 0.002809077 0.003595637 0.003938278 0.003544547 0.002517712 0.008084193 0.006790577 0.00983766 0.005463533 0.005695416 0.003423224 0.01236881 0.01465027 0.008464344 0.04878939 0.01432219 0.01064652 0.007737633 0.009661677 0.01498277 0.01899344 0.007184245 0.01130775 0.01751788 0.009822284 0.02649916 0.009931803 0.005429219 0.004805235 0.005581847 0.007162074 0.006786837 0.007039247 0.006853379 0.003228211 0.005186981 0.003331222 0 0 0 0 0
>6275525 6 scaledmin = 0.1 scaledmax = 0.9
0.00581948 0.006700277 0.010752 0.006990292 0.006478532 0.00739468 0.0037374 0.004347314 0.0043006 0.0112783 0.005883537 0.01195427 0.01271389 0.01274077 0.01045188 0.004711751 0.004703746 0.003732856 0.004759948 0.004949468 0.003790262 0.01054429 0.007021464 0.01480521 0.01395162 0.01061281 0.01676039 0.006808432 0.009885691 0.008873322 0.01070898 0.007857054 0.00794216 0.01194696 0.009467835 0.007528951 0.008231609 0.01003037 0.01128413 0.0569866 0.04374197 0.009997348 0.01500126 0.007827602 0.009073946 0.005524818 0.005831444 0.00394248 0.01138678 0.008159971 0.009685435 0.01229263 0.0119808 0.01229263 0.0118531 0.007950041 0.01193014 0.01199921 0.01492337 0.01095886 0.01492337 0.02111589 0.01626577 0.01102746 0.01859097 0.01756785 0.01135149 0.009232361 0.007444384 0.005393396 0.004726614 0.003732856 0.004726188 0.004381821 0.007646531 0.01472465 0.007548093 0.01443813 0.01478881 0.01718109 0.007940427 0.01002455 0.005649027 0.009543296 0.005832617 0.01263003 0.00649988 0.007396549 0.004951672 0.006404165 0.006744555 0.00706076 0.006029487 0.009720077 0.01386856 0 0 0 0 0
>7470575 6 scaledmin = 0.1 scaledmax = 0.9
0.009887791 0.0120342 0.006700397 0.004338918 0.00388035 0.004233577 0.00673763 0.006727747 0.004123459 0.008556887 0.004478109 0.00345523 0.003987821 0.004146598 0.004493539 0.004269932 0.005881596 0.00939929 0.009752198 0.005389308 0.00745878 0.01702917 0.006408616 0.005881596 0.00939929 0.009435614 0.008538697 0.04774261 0.03664644 0.01659125 0.008833866 0.005822083 0.01278062 0.01347375 0.02424648 0.01197722 0.007495283 0.006615765 0.004320267 0.003584642 0.004478109 0.003857529 0.005185558 0.006151538 0.007570903 0.005415797 0.009116437 0.00986062 0.01570737 0.009625897 0.008660383 0.04502278 0.01465794 0.01065304 0.01330203 0.03181085 0.008611167 0.007803607 0.01171166 0.005984848 0.02156714 0.01426235 0.008225159 0.01051801 0.00610113 0.006226559 0.01171166 0.01150488 0.007845789 0.01690279 0.01219833 0.01372508 0.005220395 0.003641315 0.004190096 0.01465794 0.04502278 0.01980065 0.02101655 0.0185656 0.01349879 0.004480798 0.003848402 0.003959895 0.003301003 0.00619673 0.005499085 0.00648199 0.00524943 0.007672989 0.005422154 0.004880071 0.003113655 0.003995398 0.004843615 0 0 0 0 0
>7472425 6 scaledmin = 0.1 scaledmax = 0.9
0.008006628 0.009043366 0.004705231 0.004734633 0.005122918 0.004883477 0.00454583 0.006762245 0.01138677 0.006565124 0.006084491 0.004949529 0.006631306 0.004688685 0.004828212 0.003848577 0.006682893 0.005697842 0.004787707 0.004883247 0.004966917 0.00468735 0.00512795 0.004028843 0.005307414 0.006946672 0.008603568 0.005533699 0.004445116 0.008361458 0.006041534 0.0117252 0.00735722 0.0189484 0.008962849 0.03131698 0.0124621 0.006798196 0.01029232 0.0140157 0.01983157 0.01527644 0.01149093 0.008431732 0.01574098 0.0261466 0.0101501 0.01047483 0.02572491 0.01968781 0.0185285 0.0117252 0.0123985 0.01615803 0.009031721 0.02629055 0.04089892 0.01760832 0.04245734 0.05710476 0.0159257 0.01021297 0.006838239 0.01296035 0.005703047 0.009338727 0.01990932 0.009220586 0.01944748 0.00735722 0.0117252 0.0185285 0.004321321 0.004791626 0.004828212 0.005857084 0.004694052 0.003830897 0.004314144 0.00527327 0.004494035 0.003408168 0.004150962 0.004417652 0.004714926 0.00512795 0.004028843 0.004147648 0.00434685 0.004779012 0.005144035 0.004140011 0.004522918 0.007438602 0.004679359 0 0 0 0 0
>7962850 6 scaledmin = 0.1 scaledmax = 0.9
0.004952393 0.006537024 0.00719812 0.00421093 0.004612205 0.003732854 0.002411807 0.002813677 0.00509918 0.01146107 0.02062459 0.05713833 0.007163424 0.01087148 0.008439796 0.007858609 0.01324867 0.01251955 0.008089524 0.00657935 0.0071018 0.006921708 0.009263162 0.0116948 0.006321992 0.006614045 0.01781456 0.0214125 0.01023656 0.008226505 0.005921324 0.006664952 0.006516649 0.002914579 0.003562691 0.006547277 0.0134211 0.01268563 0.008695263 0.02333723 0.008928033 0.01433208 0.01426233 0.01983982 0.01121635 0.007797995 0.008417197 0.008695263 0.008446993 0.01454605 0.0135431 0.0135431 0.008507389 0.00896256 0.014619 0.03673649 0.02111844 0.008272088 0.004715458 0.009456137 0.00540284 0.004346083 0.003888638 0.004066221 0.01292452 0.007496145 0.02111844 0.03673649 0.014619 0.01399089 0.00821579 0.01252884 0.01199042 0.009942483 0.0106905 0.00620976 0.007011036 0.02705902 0.011315 0.00747883 0.005492777 0.004330425 0.003257842 0.0035926 0.003654112 0.002701092 0.007514283 0.01411288 0.009079581 0.009712286 0.005404369 0.005557499 0.004563864 0.004008596 0.003278886 0 0 0 0 0
>7988200 6 scaledmin = 0.1 scaledmax = 0.9
0.007082558 0.00539934 0.008994977 0.004663804 0.01430419 0.0063882 0.007273089 0.00562352 0.006905868 0.01147187 0.01583479 0.009290776 0.008889658 0.01030511 0.006274431 0.008595419 0.005261492 0.006184593 0.005797857 0.01583479 0.01036896 0.0101604 0.01633753 0.01422135 0.01283275 0.01011092 0.005327994 0.005416054 0.01530798 0.006905868 0.01040369 0.005281628 0.006203054 0.005341955 0.005304503 0.004327168 0.007595293 0.00577114 0.008224141 0.005544263 0.005633902 0.006602874 0.004851823 0.004152328 0.006071746 0.006448392 0.01376921 0.02039475 0.04312193 0.04264758 0.01836032 0.02262495 0.03424304 0.05288589 0.009177126 0.01854619 0.05213351 0.008277939 0.007460174 0.006888279 0.01068725 0.009830053 0.004194115 0.003960348 0.00451287 0.004632433 0.005216789 0.005367926 0.005304503 0.005256339 0.01376921 0.009083882 0.008736666 0.007431051 0.01241772 0.01132261 0.009830053 0.005905244 0.005141838 0.005405783 0.004239334 0.003960348 0.004194115 0.009830053 0.007675545 0.005745949 0.005299649 0.005705727 0.008202181 0.005701296 0.00738179 0.00840012 0.005745949 0.007854504 0.005620697 0 0 0 0 0
>8216150 6 scaledmin = 0.1 scaledmax = 0.9
0.009599458 0.01219798 0.006086215 0.01113808 0.01205873 0.008990035 0.007304617 0.006157568 0.004580606 0.004994297 0.004577235 0.004107147 0.005802439 0.00692617 0.01605801 0.02186449 0.009551589 0.00847996 0.004542713 0.00374175 0.004066809 0.004561122 0.01362787 0.01201345 0.01051972 0.005277655 0.006204131 0.009208605 0.005690953 0.004219844 0.003668258 0.005292707 0.003542219 0.003927817 0.008610863 0.009361741 0.005210373 0.005172592 0.004760318 0.004359149 0.004701734 0.009208605 0.0102218 0.008611117 0.006509401 0.005885466 0.008528901 0.008646095 0.009361741 0.005210373 0.006256014 0.005726194 0.01129276 0.009184594 0.00940914 0.0104435 0.01209776 0.01048242 0.01358173 0.02342807 0.00936206 0.01493948 0.01685741 0.01962636 0.007539343 0.01657208 0.021089 0.01113808 0.01179891 0.007959404 0.02092499 0.03712807 0.0163173 0.01863661 0.00881232 0.008445146 0.009054848 0.01051972 0.01973244 0.01607685 0.01233633 0.009744032 0.009134943 0.0197012 0.02142589 0.01565772 0.01039962 0.01320051 0.006660136 0.00742794 0.008932081 0.009655698 0.0170922 0.007321764 0.01497337 0 0 0 0 0
>8216200 6 scaledmin = 0.1 scaledmax = 0.9
0.004043148 0.003700735 0.007298302 0.005935836 0.006080956 0.006749447 0.007818561 0.006774599 0.008777623 0.01514113 0.006050529 0.009655117 0.01089464 0.01268416 0.00487254 0.01071023 0.01362944 0.007198337 0.007625419 0.005144018 0.01352344 0.0239952 0.01054557 0.0120445 0.005695242 0.005457944 0.005851984 0.006798706 0.01275272 0.01039018 0.007972745 0.00629739 0.005903748 0.01273253 0.01384717 0.0101193 0.006721087 0.008531249 0.004304325 0.004800542 0.005772642 0.006240302 0.01104637 0.004731923 0.009677016 0.003950159 0.007685852 0.004171219 0.007288978 0.01963283 0.01227437 0.02906526 0.01850898 0.0119475 0.007362292 0.007844795 0.01840424 0.1269626 0.03285338 0.02025253 0.01780195 0.0168027 0.01877966 0.01347114 0.0239952 0.007013332 0.00676296 0.007057419 0.007264949 0.004718491 0.01089618 0.005260959 0.003997458 0.003199745 0.004653879 0.008531249 0.02143884 0.006135748 0.005405779 0.005274314 0.0142293 0.003908652 0.003677959 0.004161093 0.002856904 0.006089805 0.005587814 0.00344539 0.002651628 0.003060351 0.003507025 0.003241214 0.004297768 0.004222502 0.004431076 0 0 0 0 0
