>107775 6 scaledmin = 0.1 scaledmax = 0.9
0.01278046 0.02636213 0.008696554 0.008326066 0.005350119 0.008173024 0.004866562 0.00509943 0.006009129 0.002544863 0.004816875 0.005350119 0.008173024 0.004612469 0.0071052 0.004825934 0.003213806 0.007983449 0.009755442 0.004441306 0.004098197 0.00509943 0.004772335 0.004496662 0.00698111 0.009659609 0.008645536 0.006992434 0.008627493 0.00641917 0.008627493 0.006992434 0.004378176 0.006918565 0.006132828 0.009992451 0.008110652 0.01073287 0.006132828 0.01076338 0.007271243 0.006992434 0.008627493 0.01134965 0.009385173 0.02636213 0.09200241 0.02636213 0.01742681 0.02636213 0.02636213 0.01003114 0.009385173 0.008110652 0.009363145 0.009149538 0.0050511 0.003033236 0.007147472 0.0107481 0.008110652 0.01359555 0.01443393 0.01359555 0.02755816 0.01024366 0.01275771 0.01470378 0.01275771 0.008831203 0.0107941 0.007116261 0.00498314 0.00609573 0.00879329 0.004518396 0.00344692 0.003855081 0.004015967 0.004202133 0.006915476 0.003717743 0.007533579 0.03101239 0.005657462 0.008350885 0.01470378 0.01134965 0.0111794 0.01275771 0.008831203 0.008831203 0.007955575 0.01028274 0.01359555 0 0 0 0 0
>1438525 6 scaledmin = 0.1 scaledmax = 0.9
0.007141359 0.004589591 0.003502869 0.004888005 0.008986103 0.006935258 0.005891388 0.003208592 0.003454494 0.002648106 0.005676447 0.00355963 0.004328063 0.003753693 0.005511024 0.009297916 0.005308095 0.00500179 0.01292238 0.003557878 0.01152429 0.008953603 0.01054116 0.01356963 0.009487062 0.008645491 0.004264613 0.004205797 0.007905667 0.02112249 0.003947359 0.01437992 0.009185122 0.01255216 0.009851957 0.008201715 0.01255216 0.01114692 0.01342181 0.0194558 0.006720177 0.003253316 0.004416339 0.004888005 0.003226597 0.004024992 0.003916446 0.004437685 0.003385349 0.003786219 0.002777083 0.006097985 0.01212204 0.01824294 0.02828008 0.02100489 0.0141761 0.01335269 0.02706589 0.01006068 0.006989146 0.00880693 0.01181705 0.0161535 0.009672697 0.007405314 0.01180148 0.01444113 0.01060129 0.01060129 0.01060129 0.009851957 0.01711552 0.01565242 0.03835339 0.006312827 0.008673454 0.007788785 0.00710024 0.008673454 0.01180148 0.03835339 0.01565242 0.01711552 0.01060129 0.01711552 0.01444113 0.01342181 0.01791762 0.01195929 0.01006068 0.00710024 0.01626718 0.01385417 0.006623712 0 0 0 0 0
>1446675 6 scaledmin = 0.1 scaledmax = 0.9
0.003278286 0.007048814 0.007700106 0.008092684 0.006174874 0.006489642 0.004545329 0.002764054 0.005466931 0.005246732 0.01623751 0.007881919 0.008376341 0.01422398 0.02112605 0.009633817 0.009633817 0.009633817 0.01555357 0.009633817 0.02112605 0.004410784 0.004775024 0.003112982 0.004928369 0.004307184 0.008020915 0.009633817 0.009633817 0.008952871 0.02352841 0.01555357 0.02352841 0.08211288 0.08211288 0.03485328 0.01555357 0.01555357 0.01312324 0.009633817 0.009633817 0.02066146 0.01057169 0.009572396 0.006605155 0.004970849 0.002735971 0.002070677 0.003620153 0.005073558 0.01733806 0.01288239 0.006053902 0.008003213 0.01073863 0.01467933 0.008789971 0.004814304 0.005041325 0.006172117 0.003983434 0.005869461 0.002932139 0.003920141 0.002941386 0.003602413 0.004093309 0.003983434 0.004843951 0.006811897 0.004223864 0.004814304 0.01174309 0.01752876 0.01335116 0.01219694 0.01140666 0.00745323 0.02800476 0.01072448 0.005473597 0.01358814 0.008487952 0.003443661 0.004195489 0.003050869 0.004013306 0.003050869 0.003101975 0.003517627 0.002411616 0.002744074 0.005877525 0.006166612 0.005965797 0 0 0 0 0
>1483575 6 scaledmin = 0.1 scaledmax = 0.9
0.003216243 0.007426427 0.007066222 0.006354985 0.004213761 0.004015469 0.003442008 0.003383182 0.003793353 0.004015469 0.003750236 0.004515262 0.008495355 0.01173551 0.01043455 0.008498715 0.005639784 0.00456682 0.003957911 0.003797088 0.002972953 0.005767218 0.01096194 0.01096194 0.006004103 0.007953935 0.02023243 0.006988433 0.006988433 0.009793856 0.006551855 0.006551855 0.006671083 0.0060315 0.006826966 0.007056768 0.005765132 0.01057497 0.00664409 0.006549269 0.003365977 0.005563508 0.003797088 0.006716723 0.007707491 0.005464303 0.003593753 0.01818082 0.01401204 0.003324822 0.003393231 0.0105022 0.009963645 0.01069057 0.02005905 0.02289191 0.01806431 0.00429056 0.005374969 0.01057497 0.009260871 0.01020571 0.007071489 0.02902843 0.03766843 0.02814631 0.01627723 0.01779874 0.01024523 0.01779874 0.00998848 0.07693088 0.0105022 0.007212099 0.005950322 0.02692475 0.01779874 0.009585473 0.01227257 0.03482961 0.01299532 0.007157165 0.00740395 0.00554318 0.006225827 0.006256088 0.006564823 0.009562975 0.01302999 0.006137377 0.01096194 0.0150176 0.01024523 0.004978372 0.004978372 0 0 0 0 0
>1538675 6 scaledmin = 0.1 scaledmax = 0.9
0.002399635 0.006970885 0.008666182 0.006190849 0.009897807 0.006478071 0.009461021 0.005845049 0.004376064 0.006237804 0.00424327 0.01590776 0.004944891 0.005590927 0.009151211 0.01030487 0.005737832 0.006490263 0.003697927 0.002780046 0.003583388 0.005762998 0.00778853 0.005737832 0.008088095 0.01590776 0.007567253 0.01908544 0.03148673 0.07418142 0.07418142 0.02760323 0.02125575 0.02125575 0.03148673 0.01030487 0.005006222 0.004319996 0.003564574 0.004012873 0.005737832 0.009688584 0.01866573 0.00955055 0.008647779 0.004996891 0.003193793 0.002939291 0.002445695 0.005904741 0.00455678 0.01185564 0.009151211 0.006733307 0.007120588 0.008056901 0.006713296 0.003624423 0.002304197 0.002591669 0.002574832 0.003108347 0.005517019 0.0159725 0.01101881 0.007567253 0.006733307 0.02460492 0.004645859 0.004392112 0.005302518 0.009656809 0.005590927 0.006394307 0.008088095 0.006733307 0.007885406 0.006733307 0.003564574 0.0128019 0.009123367 0.006569667 0.009461021 0.01106181 0.03468097 0.01218899 0.0134879 0.01590776 0.00313678 0.004490704 0.002479654 0.004944891 0.00778853 0.01908544 0.01908544 0 0 0 0 0
>1574875 6 scaledmin = 0.1 scaledmax = 0.9
0.00262784 0.004777542 0.005737944 0.005137788 0.01493785 0.01558636 0.005524086 0.004514049 0.004777542 0.004253746 0.006415289 0.008176559 0.003637543 0.00262784 0.003060741 0.003042117 0.005664079 0.004695558 0.003239624 0.005257687 0.01170188 0.003705136 0.004582167 0.007369287 0.005350996 0.005018391 0.003215997 0.006181069 0.00888906 0.008142861 0.004140599 0.00949102 0.004601703 0.005342314 0.004201064 0.004332542 0.008579362 0.008176559 0.003467203 0.01695772 0.01401747 0.009176681 0.01401747 0.1794045 0.0776609 0.009805367 0.01569716 0.009265841 0.01201506 0.006627118 0.01008326 0.0221741 0.01056156 0.007770022 0.00945804 0.006182519 0.00828367 0.01209804 0.007474209 0.01056156 0.03923557 0.01546828 0.009959386 0.006315454 0.006181069 0.00888906 0.007254521 0.007054748 0.004438022 0.005661236 0.004636211 0.007197762 0.003349843 0.009635645 0.006627118 0.00678046 0.00567263 0.005524086 0.005425974 0.005718859 0.004376378 0.002821242 0.00312737 0.008579362 0.01053357 0.01038849 0.01595566 0.02084955 0.008087466 0.004272314 0.005621864 0.004365935 0.004514049 0.002554218 0.003519506 0 0 0 0 0
>1629350 6 scaledmin = 0.1 scaledmax = 0.9
0.009792663 0.01182716 0.01469776 0.004891068 0.005194481 0.003077031 0.005562798 0.01339317 0.005691514 0.006111278 0.007051622 0.006695414 0.004554559 0.008359902 0.00547226 0.00746147 0.00608944 0.00599213 0.005629967 0.003500688 0.007466658 0.009822549 0.02003506 0.01025118 0.009282185 0.006404903 0.005987667 0.003189764 0.002490847 0.002392144 0.005549619 0.005629967 0.008899192 0.01850929 0.02492012 0.01530706 0.004130214 0.007642959 0.01272538 0.008960853 0.01607549 0.01068182 0.01039935 0.006001081 0.009301939 0.01102155 0.01008544 0.01008544 0.00864796 0.01308318 0.008298967 0.004697094 0.006605377 0.003053351 0.006863398 0.00538499 0.007918461 0.006001081 0.007642959 0.006863398 0.009822549 0.01379275 0.006542228 0.007227267 0.00864796 0.007019358 0.009288759 0.01861292 0.005836747 0.00542776 0.005771006 0.008122391 0.009341744 0.01379275 0.02048556 0.02176558 0.02345601 0.150592 0.01041306 0.003527334 0.002680255 0.003529263 0.003582695 0.003429846 0.008122391 0.008681443 0.02048556 0.02640995 0.01861292 0.01182716 0.003339258 0.004406374 0.003142521 0.003177817 0.002998051 0 0 0 0 0
>1813075 6 scaledmin = 0.1 scaledmax = 0.9
0.00674324 0.007775443 0.005864258 0.009102471 0.002982456 0.004318566 0.0116286 0.00508742 0.004701467 0.00508742 0.003621769 0.004223769 0.004541345 0.003473681 0.003790004 0.003984443 0.007921452 0.003113378 0.005566578 0.003428537 0.003406681 0.003270434 0.006248085 0.0100399 0.02659603 0.007936313 0.006906285 0.009945786 0.003070548 0.004399048 0.004125614 0.003044766 0.003561778 0.003289462 0.004654096 0.006381206 0.00334068 0.002893382 0.003027846 0.002893382 0.00334068 0.00462999 0.0167909 0.02006334 0.0124631 0.01347678 0.03645796 0.0116286 0.009945786 0.00772721 0.0182293 0.07798234 0.009149205 0.07798234 0.03310005 0.009475795 0.01267955 0.006396446 0.005877395 0.01499157 0.004857383 0.00586164 0.005359474 0.0081876 0.005868629 0.00586164 0.002683313 0.002817685 0.007064268 0.01403903 0.01508826 0.02628647 0.006385551 0.0103212 0.0206859 0.01081359 0.005868629 0.003508854 0.01542072 0.004982805 0.004572129 0.004787731 0.00586164 0.005868629 0.0081876 0.005359474 0.00586164 0.008776165 0.01546341 0.03225552 0.02586563 0.0115834 0.01546341 0.01591415 0.007453298 0 0 0 0 0
>2397475 6 scaledmin = 0.1 scaledmax = 0.9
0.004664692 0.009992073 0.009719744 0.02574792 0.03122694 0.008308782 0.007303567 0.002606553 0.002222234 0.002356771 0.003226171 0.003047715 0.002257402 0.006262942 0.002257402 0.003047715 0.003802366 0.0030244 0.00336291 0.00364446 0.007207896 0.00642505 0.003616128 0.002974096 0.004742713 0.007094378 0.008819709 0.006300523 0.009873228 0.142785 0.008005148 0.008589185 0.005002051 0.006507586 0.01206567 0.004551544 0.005267461 0.005026364 0.003883473 0.002091454 0.002435993 0.00242117 0.004507946 0.01540667 0.03026416 0.01761249 0.00885745 0.006009347 0.009173625 0.01100089 0.008025101 0.01227522 0.007926509 0.01430014 0.01121402 0.01240492 0.03529537 0.0139358 0.009817161 0.008636531 0.009817161 0.009547496 0.01079674 0.007440514 0.007701311 0.01307771 0.01618958 0.01942355 0.01206567 0.00931333 0.003312103 0.003999802 0.01117065 0.007926509 0.01133752 0.008807212 0.0074808 0.009628629 0.006592835 0.004920564 0.008437841 0.01754974 0.007926509 0.01133752 0.004780701 0.007246733 0.004780701 0.01524211 0.008496306 0.006192473 0.006048843 0.004664692 0.01594083 0.01611616 0.01839218 0 0 0 0 0
>2685875 6 scaledmin = 0.1 scaledmax = 0.9
0.004236771 0.00626982 0.004509216 0.006341169 0.00393198 0.006264474 0.009983383 0.008942567 0.005158548 0.01061842 0.01447876 0.01135409 0.007797504 0.008334195 0.008334195 0.007337249 0.01025456 0.007108797 0.005992057 0.0164585 0.004233074 0.004046525 0.007601732 0.005329744 0.005329744 0.006917564 0.007168 0.00753345 0.006588869 0.00293122 0.00313891 0.004662012 0.003289627 0.004043297 0.002761905 0.004301094 0.003489633 0.003051744 0.002504258 0.005603284 0.02089498 0.01221638 0.01221638 0.01135409 0.006588869 0.008510762 0.006517077 0.004093501 0.003781161 0.008105136 0.1445685 0.02289621 0.01324105 0.01966616 0.0163918 0.01135409 0.009429658 0.01786843 0.01135409 0.008334195 0.02089498 0.0225178 0.008543234 0.005866834 0.006913458 0.007764636 0.01613994 0.006632908 0.0225178 0.02089498 0.008942567 0.0138983 0.01135409 0.01174359 0.007797504 0.007797504 0.01966616 0.01447876 0.008334195 0.008025515 0.004884164 0.01923368 0.009983383 0.003885389 0.003051744 0.003489633 0.002760563 0.003425463 0.002546906 0.003439391 0.004525753 0.01242855 0.008125338 0.007182991 0.01663472 0 0 0 0 0
>284475 6 scaledmin = 0.1 scaledmax = 0.9
0.00804187 0.007104846 0.007858247 0.0104628 0.0186184 0.024329 0.009437134 0.005927644 0.005475356 0.01056785 0.009420082 0.005574836 0.006695514 0.005854946 0.009832941 0.007369401 0.007212589 0.0103725 0.009501773 0.009514835 0.008329908 0.008868507 0.008315746 0.003537188 0.003384376 0.002668355 0.004069404 0.007717801 0.006331481 0.007912009 0.01344991 0.04698207 0.01129127 0.01537613 0.01917387 0.04698207 0.01464987 0.01232411 0.03171619 0.01298635 0.01917387 0.01062479 0.007733077 0.006553572 0.01184884 0.007369401 0.007221063 0.007072574 0.009832941 0.01103643 0.009571328 0.005549248 0.0066193 0.00874801 0.008412576 0.007901179 0.004419116 0.003931669 0.004106854 0.003011388 0.004371254 0.007711279 0.01266244 0.007711279 0.004420994 0.003334313 0.004468406 0.004960285 0.004522739 0.00508546 0.003465479 0.005369653 0.008329908 0.00907909 0.01206843 0.03171619 0.01298635 0.01298635 0.0219487 0.01245685 0.008319988 0.007607216 0.005795167 0.006953525 0.004360469 0.005301784 0.009420082 0.01056785 0.01259303 0.02936149 0.01534877 0.009094622 0.008022515 0.009684272 0.008676872 0 0 0 0 0
>2854100 6 scaledmin = 0.1 scaledmax = 0.9
0.007464671 0.008405873 0.0107623 0.01633987 0.02361136 0.007789109 0.004463173 0.00326503 0.01090621 0.02185838 0.01427413 0.009667783 0.008984437 0.008405873 0.0176707 0.0176707 0.007102939 0.02120053 0.007909708 0.009667783 0.008405873 0.02361136 0.007909708 0.01105463 0.006276396 0.0113961 0.03054344 0.008517878 0.003763659 0.00582646 0.006210526 0.004854901 0.006190719 0.003240871 0.004362239 0.004567328 0.00402609 0.007457279 0.004567328 0.01926254 0.007909708 0.005972422 0.0107623 0.01042096 0.004648386 0.004359454 0.0121926 0.01105463 0.005749359 0.007452853 0.06746367 0.009209785 0.005850131 0.008820962 0.02007481 0.01263423 0.00402609 0.003722526 0.003946953 0.007012851 0.005055668 0.006188354 0.003234273 0.003801739 0.003804018 0.003366987 0.004883687 0.00371134 0.003353438 0.009273599 0.00632457 0.02733169 0.01926254 0.02733169 0.02120053 0.01926254 0.01793258 0.01465438 0.00582646 0.01013444 0.01422064 0.006002787 0.006110565 0.004362239 0.006363805 0.02043552 0.01297644 0.01343722 0.006459563 0.00630197 0.006128428 0.006128428 0.003571581 0.005882092 0.005617196 0 0 0 0 0
>2854150 6 scaledmin = 0.1 scaledmax = 0.9
0.07505616 0.01024627 0.006508516 0.00981369 0.02233406 0.01405612 0.004479195 0.004141466 0.004391151 0.007802092 0.005624643 0.006884803 0.003598265 0.004229595 0.00423213 0.003745915 0.005433307 0.004129021 0.00373084 0.01031727 0.007036349 0.03040766 0.02143038 0.03040766 0.02358648 0.02143038 0.01995075 0.01630361 0.006482181 0.01127499 0.01582106 0.006678353 0.006798261 0.004853174  0.00708 0.02273538 0.01443683 0.01494947 0.007186535 0.007011206 0.006818133 0.006818133 0.003973534 0.006544074 0.006249367 0.009117088 0.007880569 0.008119034 0.01127499 0.005482371 0.007091022 0.006553045 0.00580532 0.00580532 0.009995563 0.0113094 0.005331144 0.007902318 0.005243988 0.008321267 0.0113094 0.01465163 0.007902318 0.01273513 0.0149061 0.009745072 0.0149061 0.005474106 0.004857055 0.004186004 0.003292304 0.002879177 0.003458172 0.00284761 0.003559538 0.003401462 0.003927306 0.007501752 0.007297294 0.009995563 0.009995563 0.009351887 0.009995563 0.01113975 0.01008955 0.03791962 0.01197351 0.008304759 0.009745072 0.008614874 0.01075581 0.01361745 0.008799882 0.009351887 0.009995563 0 0 0 0 0
>3340175 6 scaledmin = 0.1 scaledmax = 0.9
0.003353329 0.003593887 0.0026896 0.003508179 0.00421911 0.005038079 0.007394213 0.00491714 0.00357044 0.002836391 0.002889525 0.00208673 0.00208673 0.005724559 0.0070285 0.007904794 0.005722296 0.008792381 0.002986282 0.004820919 0.008491095 0.006433878 0.004973486 0.005200488 0.003593887 0.005071191 0.001727686 0.00323393 0.002351644 0.001704296 0.002348382 0.002711427 0.001975855 0.0018589 0.002711427 0.002391037 0.003108454 0.003173172 0.005473078 0.002890878 0.006542609 0.05181905 0.1197072 0.008277455 0.005724559 0.01980927 0.01471324 0.01047389 0.006542609 0.05181905 0.1197072 0.009353125 0.006123119 0.009353125 0.1197072 0.01864544 0.004411453 0.00491714 0.003096654 0.005038079 0.007690927 0.009222854 0.00712308 0.00712308 0.005537662 0.01980927 0.01216775 0.01592609 0.007387922 0.005492255 0.004411453 0.01592609 0.008753383 0.003564647 0.002512071 0.003910755 0.002790454 0.002235175 0.00171676 0.004129149 0.002396327 0.007808052 0.00545579 0.002047431 0.005322257 0.005433305 0.005935328 0.004416101 0.00496161 0.008017023 0.006441423 0.004895668 0.006168967 0.008445067 0.003155168 0 0 0 0 0
>3648850 6 scaledmin = 0.1 scaledmax = 0.9
0.01042044 0.02636549 0.01273226 0.007299829 0.01198682 0.01362544 0.005546969 0.00332873 0.005092482 0.004413484 0.00857418 0.004488742 0.003852273 0.004197626 0.009237249 0.01405693 0.01032684 0.006695203 0.007071329 0.006635231 0.005752715 0.004814116 0.01327211 0.01643885 0.005083145 0.004509415 0.005168845 0.006433089 0.0045265 0.003116408 0.004834245 0.004112663 0.003271009 0.004679901 0.004639323 0.005018897 0.008917456 0.007408855 0.0138682 0.01023526 0.01609809 0.02077758 0.02636549 0.0201436 0.0111382 0.02695834 0.008609361 0.01292616 0.01556416 0.005807759 0.01498501 0.01032684 0.008104734 0.01273226 0.0145298 0.01288683 0.00857418 0.005158153 0.004185104 0.01068881 0.0114245 0.03475465 0.02449401 0.009510851 0.01068881 0.006266114 0.01147536 0.02027352 0.0156249 0.004391196 0.00415871 0.005223352 0.006203894 0.005223352 0.006984698 0.009279708 0.004302812 0.006390678 0.006505553 0.007408855 0.01042044 0.007306003 0.009473209 0.005628473 0.01179219 0.006390678 0.004302812 0.009279708 0.01556416 0.01556416 0.01556416 0.01984745 0.01068881 0.02246985 0.02449401 0 0 0 0 0
>3765675 6 scaledmin = 0.1 scaledmax = 0.9
0.01050821 0.007081785 0.01078432 0.007542242 0.005367166 0.006989956 0.01033908 0.006325326 0.006146895 0.006023052 0.006501777 0.006607741 0.006651974 0.004537507 0.00929398 0.01463863 0.01022046 0.007727921 0.01180189 0.01180189 0.01261772 0.01463863 0.03587131 0.01936812 0.02142045 0.02764707 0.01048472 0.01418936 0.01238579 0.009898423 0.006179927 0.005506129 0.006989956 0.01358918 0.01027932 0.02187386 0.01993936 0.008174523 0.007079185 0.0103693 0.005960321 0.01057951 0.007542242 0.005367166 0.006989956 0.007081785 0.009409253 0.01143623 0.01929932 0.01261772 0.01229127 0.007727921 0.006634897 0.007022188 0.006252296 0.009429404 0.01201818 0.01395021 0.009858372 0.007551689 0.01092958 0.009237761 0.02943943 0.008614727 0.01012972 0.005483555 0.006325326 0.006146895 0.006023052 0.006501777 0.006607741 0.006173177 0.006227171 0.004352471 0.004051277 0.00929398 0.01514304 0.009409253 0.02290934 0.01338323 0.01070117 0.005330319 0.004950891 0.009090471 0.01070117 0.01386565 0.007177392 0.008119484 0.01348819 0.01492507 0.008107827 0.005285737 0.008368203 0.004978672 0.004813769 0 0 0 0 0
>4021575 6 scaledmin = 0.1 scaledmax = 0.9
0.005230363 0.005002608 0.006151284 0.008976864 0.01082454 0.006903963 0.004472941 0.003047483 0.003146327 0.005070256 0.005427178 0.005340147 0.004946952 0.003775447 0.005227915 0.008617904 0.006662441 0.01082454 0.008976864 0.008789264 0.006550384 0.00962937 0.00675538 0.004976376 0.007028412 0.009763411 0.005402974 0.008722317 0.009023069 0.006443586 0.01165424 0.01138836 0.006287066 0.003775447 0.004509008 0.004051905 0.003440391 0.004341369 0.00687311 0.006006804 0.008843789 0.02839928 0.01803338 0.01867373 0.01178353 0.005648963 0.007030638 0.004000201 0.005565506 0.007806226 0.009870965 0.00758731 0.01430186 0.01035315 0.03537646 0.04590588 0.0149761 0.01035724 0.03584021 0.02662014 0.0179658 0.01692228 0.03430143 0.04736626 0.01867373 0.01178353 0.006984288 0.00475717 0.005485086 0.005463509 0.00372682 0.003156852 0.003659482 0.008342082 0.004503844 0.008319908 0.005195221 0.008185557 0.007034354 0.005502674 0.009175125 0.01093322 0.01288753 0.01093322 0.01302842 0.0179658 0.009115216 0.01830169 0.009115216 0.006151284 0.006659254 0.007981484 0.005741106 0.01116129 0.008442779 0 0 0 0 0
>4056750 6 scaledmin = 0.1 scaledmax = 0.9
0.003554995 0.003804732 0.003734113 0.004938428 0.01055442 0.01307272 0.005948024 0.006333005 0.00658552 0.004611276 0.004257474 0.00596436 0.003775054 0.003230228 0.005123929 0.006108164 0.01277585 0.01500105 0.01612218 0.02808773 0.007548341 0.01578336 0.009085142 0.02143817 0.009085142 0.009776148 0.004618523 0.004852537 0.003804732 0.004731358 0.004983023 0.01612218 0.01055442 0.006531967 0.006547602 0.007162787 0.009480057 0.004983023 0.005821476 0.009085142 0.01088293 0.01157518 0.0353682 0.02387602 0.02387602 0.01443413 0.01947845 0.01237714 0.01157518 0.008748649 0.002486363 0.003406262 0.006445154 0.005956177 0.004983023 0.01331713 0.0353682 0.01102845 0.009277619 0.02387602 0.01578336 0.008500093 0.02495925 0.03340317 0.02574149 0.007533411 0.01040667 0.005520865 0.0121419 0.01307272 0.004042286 0.004232366 0.005190231 0.01601886 0.01500105 0.01612218 0.02808773 0.006823116 0.003185617 0.003492025 0.01242544 0.01612218 0.009125586 0.004766352 0.01947845 0.006108164 0.005113107 0.003805846 0.0055477 0.004230811 0.003052264 0.002447245 0.002266979 0.002217485 0.00260882 0 0 0 0 0
>4171275 6 scaledmin = 0.1 scaledmax = 0.9
0.003881422 0.005901124 0.01068927 0.005773677 0.004358696 0.008816385 0.006731609 0.003544554 0.003498866 0.00425888 0.004109235 0.006053481 0.01486499 0.03984063 0.009721445 0.007499421 0.01441957 0.0102841 0.01128518 0.008313822 0.01093882 0.01142554 0.008100964 0.00926502 0.01031736 0.008100964 0.008100964 0.01142554 0.01325963 0.01031736 0.0125747 0.006501778 0.005159821 0.005012333 0.004643276 0.004738748 0.006641243 0.02269537 0.0285119 0.008313822 0.01306073 0.01092601 0.007008002 0.004695515 0.004110795 0.01807967 0.0117714 0.02079654 0.01602799 0.004504481 0.004265997 0.04562264 0.01861907 0.01261058 0.01261058 0.01261058 0.02304953 0.01403826 0.03320482 0.0055124 0.00824972 0.009721445 0.01091834 0.02269537 0.005012333 0.005094022 0.004234298 0.002509713 0.003869928 0.00502881 0.01321929 0.005320629 0.005575448 0.005957588 0.006103138 0.01128518 0.007879127 0.02938173 0.01171923 0.01031736 0.008831467 0.008831467 0.01306073 0.006363943 0.004691794 0.003414605 0.007879127 0.008082856 0.006259451 0.01253906 0.007164891 0.005948241 0.004026985 0.007993874 0.005214281 0 0 0 0 0
>4776750 6 scaledmin = 0.1 scaledmax = 0.9
0.006648993 0.004250471 0.004877785 0.006131082 0.007534277 0.007431908 0.007217422 0.009351706 0.006134684 0.004388723 0.007305403 0.006554103 0.004978065 0.004804655 0.003493842 0.003940829 0.003339136 0.005051209 0.005614977 0.01528969 0.009995852 0.02290881 0.008518474 0.004779835 0.007726374 0.008745294 0.007371473 0.02024737 0.005583091 0.004028371 0.003488995 0.003651139 0.004542444 0.007564193 0.01502868 0.01502868 0.01396788 0.01228163 0.01189211 0.009873048 0.008504988 0.009552113 0.004687639 0.004978065 0.01222799 0.01075743 0.01222799 0.01189211 0.01344813 0.009267706 0.01628924 0.01025279 0.01781187 0.03889544 0.01228163 0.007389117 0.01628924 0.02419346 0.0110326 0.0110326 0.0110326 0.0110326 0.01396788 0.01444705 0.01254685 0.007847764 0.006334256 0.02570516 0.02198187 0.007726374 0.009592548 0.01781187 0.03889544 0.01864661 0.01058277 0.008745294 0.01533418 0.01480835 0.006346084 0.006561008 0.003943666 0.004046924 0.004399549 0.02066881 0.01581734 0.008888713 0.005093248 0.005623454 0.005145083 0.008812 0.007191632 0.005547271 0.007800953 0.005547271 0.007191632 0 0 0 0 0
>4792100 6 scaledmin = 0.1 scaledmax = 0.9
0.00304924 0.002665623 0.002137244 0.002348074 0.003023046 0.002961474 0.003897083 0.00359973 0.006947752 0.002260381 0.004292851 0.003530236 0.002938681 0.002904327 0.003732073 0.01701105 0.003396289 0.005084051 0.003941498 0.005628725 0.006767697 0.005718195 0.006272717 0.009504353 0.004753021 0.008537771 0.009504353  0.01443 0.007423359 0.007934297 0.007934297 0.008537771 0.01260571 0.009504353 0.005979188 0.00527434 0.005484614 0.007405935 0.005084051 0.007934297 0.007934297 0.02707835 0.02085156 0.02707835 0.07277084 0.07277084 0.01701105 0.0116302 0.01343283 0.008513478 0.006272717 0.01872252 0.01560527 0.01701105 0.0116302 0.02179758 0.01060385 0.007735462 0.01195721 0.007934297 0.007934297 0.007934297 0.008537771 0.007423359 0.007934297 0.005968977 0.005628725 0.01407993 0.005979188 0.01080929 0.02085156 0.01010892 0.004274888 0.0074881 0.002904327 0.002872068 0.003573901 0.0069552 0.01485062  0.01443 0.0116302 0.03009991 0.01257614 0.009504353 0.01010892 0.008279187 0.006314642 0.004033479 0.01260571 0.01872252 0.01260571 0.007423359 0.006985187 0.007584738 0.005412111 0 0 0 0 0
>4798225 6 scaledmin = 0.1 scaledmax = 0.9
0.004385319 0.003021639 0.002387917 0.009537996 0.01021824 0.01249174 0.007979052 0.005120815 0.003836443 0.002347065 0.003223325 0.004787388 0.002955534 0.004294763 0.006427467 0.01038895 0.01675628 0.01276279 0.008007202 0.005753973 0.004821705 0.01320323 0.01552194 0.007853774 0.002724529 0.003519955 0.003517584 0.002615399 0.003496482 0.003814882 0.004010597 0.00797345 0.009537996 0.01254491 0.01834896 0.009209263 0.02019504 0.01556491 0.01276279 0.01038895 0.006167929 0.01090398 0.009209263 0.008007202 0.008558326 0.007534569 0.005126843 0.004732328 0.004489968 0.007124773 0.008558326 0.02920805 0.02249153 0.02920805 0.07849423 0.07849423 0.01834896 0.009157029 0.004817632 0.004873443 0.03146623 0.02351195 0.007124773 0.009209263 0.02249153 0.01359715 0.002743151 0.003864078 0.004660382 0.01690112 0.02019504 0.008007202 0.01359715 0.01359715 0.01090398 0.009942407 0.006153201 0.005915976 0.003585158 0.003169807 0.002886112 0.00325016 0.004624645 0.005897108 0.003381205 0.00333554 0.003517584 0.004652066 0.003207299 0.002517337 0.001892263 0.003660409 0.01657399 0.007110639 0.01254491 0 0 0 0 0
>4990825 6 scaledmin = 0.1 scaledmax = 0.9
0.005400167 0.005207061 0.009424291 0.007718481 0.005270536 0.003166276 0.004423313 0.003644232 0.003163686 0.01432487 0.004016796 0.00394517 0.006145715 0.005207061 0.005400167 0.003066533 0.002495738 0.00578418 0.003055572 0.002707632 0.002068495 0.003644232 0.002342322 0.006563189 0.009885702 0.01745454 0.007396948 0.01285051 0.007396948 0.007959552 0.006920613 0.01175199 0.01745454 0.006512117 0.007396948 0.007959552 0.02879611 0.01454841 0.009424291 0.01745454 0.005574249 0.01345273 0.007466503 0.003594333 0.006626957 0.003674561 0.003005434 0.008872358 0.1283106 0.0555433 0.007211579 0.006512117 0.007396948 0.01175199 0.009101352 0.0051674 0.00938249 0.02514662 0.007012827 0.01122665 0.01577068 0.02123297 0.007635018 0.008593208 0.007396948 0.01943939 0.01285051 0.02250237 0.01943939 0.01285051 0.00615793 0.01585898 0.007914407 0.005980783 0.006626957 0.006512117 0.007553659 0.008734433 0.0231378 0.0280614 0.01122665 0.005435659 0.003077827 0.00503087 0.004162993 0.002857571 0.00555147 0.003030066 0.00323677 0.004569895 0.007908806 0.003381931 0.007908806 0.005457242 0.003277179 0 0 0 0 0
>5111575 6 scaledmin = 0.1 scaledmax = 0.9
0.007911121 0.005241502 0.0038097 0.00490562 0.003728007 0.003368498 0.003399007 0.004257793 0.005510844 0.005399917 0.005288877 0.007353082 0.008253054 0.0122316 0.01479725 0.003613073 0.004045543 0.004261007 0.003615938 0.004049666 0.01934905 0.009024785 0.008443623 0.01322865 0.01081063 0.003306023 0.005139063 0.003368498 0.003728007 0.003043415 0.005769101 0.005852626 0.008007542 0.005394846 0.01271669 0.003909017 0.007824089 0.005876403 0.00531301 0.003649231 0.003575709 0.007182525 0.02438367 0.02262638 0.01322865 0.01149828 0.009024785 0.008443623 0.01095519 0.02438367 0.1565478 0.01082489 0.007486323 0.02590568 0.01924132 0.009251146 0.0122316 0.03318125 0.005139063 0.004432697 0.004094476 0.007902649 0.009315246 0.007902649 0.003995741 0.004661686 0.01144728 0.02082742 0.01095519 0.008798623 0.006504103 0.006800966 0.01149828 0.01819325 0.01392285 0.005084505 0.004734687 0.004990257 0.004900767 0.006541769 0.02790113 0.01601507 0.01490139 0.01269097 0.004044171 0.003739243 0.003922822 0.002523706 0.002989019 0.004544358 0.002965012 0.007115201 0.00652197 0.009024785 0.01229491 0 0 0 0 0
>5232875 6 scaledmin = 0.1 scaledmax = 0.9
0.005647742 0.004507509 0.005606277 0.006437476 0.01218015 0.01466591 0.005472577 0.004744406 0.005347777 0.006183584 0.004658445 0.007491947 0.00422084 0.00584585 0.006183584 0.03274886 0.018702 0.01076516 0.018702 0.018702 0.005472577 0.005169345 0.004212382 0.006150005 0.009182331 0.01610049 0.01554838 0.02448586 0.007625116 0.005179067 0.003448974 0.003525678 0.007057589 0.01029088 0.0162234 0.01004828 0.006448842 0.007057589 0.007343087 0.007343087 0.007551025 0.00925237 0.006433699 0.006573577 0.008771078 0.004789782 0.01549012 0.01250614 0.00453628 0.003493553 0.008622237 0.01317387 0.008239947 0.01324567 0.01158395 0.018702 0.02308039 0.01710328 0.02829115 0.01158395 0.018702 0.01007192 0.01076516 0.007758379 0.006888887 0.008930015 0.00450962 0.01412018 0.02107702 0.02405365 0.008638464 0.004507509 0.005555661 0.007237681 0.007424825 0.007156161 0.01605377 0.01218015 0.01371566 0.01371566 0.02308039 0.01049538 0.01076516 0.009644551 0.006252293 0.00584585 0.003738145 0.008112491 0.01957845 0.02405365 0.008638464 0.004507509 0.003565779 0.00421925 0.003940556 0 0 0 0 0
>5370500 6 scaledmin = 0.1 scaledmax = 0.9
0.007224572 0.004980877 0.003909379 0.005222069 0.004605016 0.003968106 0.004605016 0.005222069 0.003909379 0.004061667 0.005429973 0.005924442 0.006228384 0.003588163 0.002952101 0.005466425 0.008244192 0.01050757 0.01219677 0.008619242 0.005359406 0.01143114 0.006191653 0.007495947 0.007952531 0.007092121 0.00407474 0.01039308 0.0135725 0.008492404 0.0139451 0.004294435 0.01693368 0.01279866 0.009249736 0.00506635 0.005566055 0.003727201 0.005751427 0.006756574 0.01001587 0.004794309 0.009158101 0.006750678 0.0210173 0.01424088 0.006859151 0.01613385 0.01001587 0.009555808 0.01145504 0.01212283 0.01047865 0.009604993 0.007191054 0.008076637 0.008115895 0.007943199 0.009162773 0.006944546 0.005297317 0.006275242 0.009634152 0.006669688 0.00458989 0.007434725 0.005005764 0.006270508 0.004761414 0.01635342 0.0246109 0.03815165 0.01066525 0.01371869 0.009990245 0.01207899 0.01074634 0.006810319 0.01426112 0.006810319 0.01074634 0.01079574 0.01240585 0.01592096 0.00525095 0.01104269 0.009187402 0.008226574 0.01323966 0.009173698 0.03765799 0.04886648 0.02106658 0.03492893 0.02308994 0 0 0 0 0
>5521450 6 scaledmin = 0.1 scaledmax = 0.9
0.006637449 0.006326289 0.004894509 0.003830774 0.00428758 0.004489194 0.005035071 0.003840765 0.006637449 0.005422563 0.007521781 0.004233387 0.003913221 0.003947448 0.007232232 0.01086991 0.01674112 0.02061887 0.03543014 0.01073953 0.006836259 0.005487366 0.004733127 0.005426244 0.008456372 0.01154333 0.01527411 0.008994735 0.03543014 0.01895308 0.006944923 0.005018466 0.006651295 0.01225574 0.02344466 0.01866187 0.03751441 0.01312821 0.009015896 0.009636446 0.009015896 0.003174019 0.003612961 0.004035611 0.003960706 0.003249685 0.006160106 0.006249292 0.008550259 0.0130606 0.01580014 0.009461108 0.005181889 0.003914289 0.004977635 0.01222313 0.02223902 0.008789533 0.008354372 0.01486648 0.01942631 0.004135072 0.003629377 0.005213799 0.01169768 0.01752568 0.02273908 0.009015896 0.01674112 0.01674112 0.008006389 0.01437056 0.009394955 0.007249505 0.007081357 0.004492497 0.004894509 0.003807147 0.006646341 0.01752568 0.01357857 0.03543014 0.01895308 0.01523838 0.00959928 0.00692834 0.005855882 0.01866187 0.005460937 0.006421301 0.006637449 0.005422563 0.005487366 0.005390471 0.009094526 0 0 0 0 0
>5705225 6 scaledmin = 0.1 scaledmax = 0.9
0.01739694 0.009137261 0.0149528 0.005930938 0.007562826 0.00806554 0.007575706 0.008653348 0.008641469 0.009433358 0.00468554 0.003554962 0.006093994 0.006010904 0.01070069 0.01739694 0.0149528 0.02353188 0.009631656 0.004751065 0.00468554 0.003554962 0.007570064 0.00701902 0.009662809 0.01241841 0.01181054 0.01743784 0.008677229 0.007910143 0.006793564 0.009662809 0.0149528 0.01830341 0.02158722 0.004256687 0.004511173 0.003635531 0.003318867 0.00344557 0.003554962 0.003811268 0.004698184 0.004862744 0.007955952 0.005182141 0.005572329 0.007955952 0.008653348 0.008641469 0.008464851 0.008564081 0.0148758 0.01125103 0.00656109 0.01181054 0.005452387 0.007032913 0.01608839 0.01906784 0.01398395 0.01906784 0.01906784 0.01906784 0.01608839 0.04272825 0.02158722 0.04035429 0.01223213 0.007786377 0.02353188 0.004698184 0.005862339 0.005221731 0.008521072 0.008257056 0.009104698 0.01117857 0.01257228 0.00701902 0.009110105 0.004394138 0.003860279 0.00835102 0.003860279 0.003494109 0.003516957 0.003965666 0.004496073 0.008237383 0.01238063 0.01395907 0.0160202 0.01310452 0.01223213 0 0 0 0 0
>5970350 6 scaledmin = 0.1 scaledmax = 0.9
0.007415697 0.01045077 0.01256086 0.007948774 0.006961021 0.005803319 0.01148416 0.005793408 0.004928007 0.002674104 0.004223805 0.004605087 0.003455612 0.004472615 0.009811576 0.007205011 0.006779728 0.008286645 0.008286645 0.005622083 0.007415697 0.002467606 0.003557328 0.002934127 0.003793989 0.009224796 0.01514627 0.006088214 0.01128812 0.01049135 0.01108095 0.008035667 0.007489268 0.1335835 0.01220623 0.02023824 0.02023824 0.02023824 0.02023824 0.02023824 0.01049135 0.006167969 0.009008126 0.009475367 0.01223493 0.01337859 0.007700921 0.007205011 0.01223493 0.01128812 0.007205011 0.0071881 0.007205011 0.007864072 0.006088214 0.005311393 0.006623339 0.006063123 0.002819858 0.003736067 0.004272437 0.003390613 0.002313972 0.01043732 0.007894076 0.01043732 0.006008826 0.005939203 0.004040146 0.01514627 0.01220623 0.0071881 0.02831383 0.01514627 0.01217768 0.00767122 0.0116055 0.01112263 0.01751611 0.008713146 0.009811576 0.02023824 0.01128812 0.02997947 0.009811576 0.00625518 0.004679701 0.006179577 0.007700921 0.007700921 0.007205011 0.006779728 0.003393939 0.005315351 0.003224473 0 0 0 0 0
>6275525 6 scaledmin = 0.1 scaledmax = 0.9
0.005804924 0.006447548 0.01164101 0.006513249 0.006137399 0.007871476 0.003501934 0.004052635 0.003848434 0.01102631 0.005997781 0.01072615 0.01220242 0.01204213 0.01003393 0.004182354 0.004351784 0.003461195 0.004952003 0.005008738 0.003549433 0.01247782 0.007228972 0.01367772 0.0117858 0.01131028 0.01540201 0.005874179 0.00869148 0.008509843 0.01300821 0.007746095 0.008036021 0.01367772 0.01064268 0.007482475 0.009078884 0.01234486 0.01427459 0.03781385 0.04586043 0.01064268 0.01920615 0.008127564 0.009700575 0.005804924 0.004914434 0.003609189 0.01164101 0.008825433 0.009109933 0.01300821 0.01300821 0.01300821 0.01300821 0.008575966 0.01164101 0.01402162 0.01441765 0.01268376 0.01441765 0.02046636 0.02145228 0.01214257 0.01864974 0.02192495 0.01109356 0.009557156 0.0074985 0.004971984 0.004738012 0.003461195 0.00474973 0.004076255 0.007730794 0.01293443 0.00708448 0.01404378 0.01404378 0.01534731 0.009094375 0.01006384 0.005424551 0.008613579 0.005488394 0.0136361 0.006564605 0.007936217 0.005023112 0.006803534 0.007558057 0.008127564 0.005751248 0.01002797 0.01297119 0 0 0 0 0
>7470575 6 scaledmin = 0.1 scaledmax = 0.9
0.01396453 0.01084024 0.00626375 0.004003514 0.003684487 0.004062233 0.007450413 0.006986039 0.004603038 0.008887546 0.004566829 0.003512827 0.004153175 0.004200757 0.004922654 0.004249665 0.004853362 0.009452424 0.01046498 0.006066399 0.007289421 0.01994085 0.006198566 0.004853362 0.009452424 0.0109098 0.008440398 0.03171394 0.03846249 0.01538787 0.01046498 0.00649654 0.01291745 0.01486139 0.02169345 0.009083271 0.007640372 0.00762082 0.004721421 0.003483868 0.004566829 0.004030421 0.005149594 0.006601695 0.008260632 0.005718105 0.009083271 0.0109098 0.01761361 0.008925865 0.008440398 0.04347362 0.01603255 0.01009956 0.01527925 0.03846249 0.008015451 0.007137085 0.0151195 0.007627323 0.02173719 0.01035346 0.008738208 0.009463509 0.005888431 0.006275446 0.0151195 0.01129924 0.009884588 0.01877384 0.01247481 0.01214492 0.005280011 0.003556374 0.004339872 0.01603255 0.04347362 0.01527925 0.01690748 0.01607014 0.01662359 0.004059014 0.003753897 0.003973704 0.003107522 0.006655993 0.006066399 0.005606177 0.005718105 0.01087876 0.005624887 0.004463919 0.002835193 0.003711229 0.004919511 0 0 0 0 0
>7472425 6 scaledmin = 0.1 scaledmax = 0.9
0.00791765 0.0097016 0.004818776 0.004619295 0.004939354 0.004958861 0.004300779 0.006314234 0.01065305 0.00608173 0.005730781 0.004731347 0.007589092 0.005370213 0.004367053 0.003391769 0.005561146 0.005878478 0.00458508 0.004611619 0.005783932 0.003985333 0.005060003 0.003846556 0.005289701 0.007410423 0.007774906 0.005730781 0.005738287 0.008115647 0.006754001 0.01207749 0.008484609 0.02090178 0.009363594 0.03837408 0.01257996 0.007212509 0.01184343 0.01346245 0.01911041 0.02003101 0.01292978 0.008763373 0.01277154 0.02420101 0.01214638 0.01214638 0.02420101 0.02253008 0.01841143 0.01207749 0.01207749 0.01683323 0.009378441 0.02663586 0.04394325 0.01537799 0.03433891 0.04282206 0.0135215 0.01056095 0.00573328 0.01713202 0.006901148 0.01056095 0.02220106 0.009728649 0.01990264 0.008484609 0.01207749 0.01841143 0.004042197 0.004728576 0.004367053 0.006178725 0.004843698 0.003727474 0.004179386 0.005214252 0.004147415 0.003238665 0.00475653 0.004765021 0.004926674 0.005060003 0.003846556 0.004085989 0.004131881 0.004455474 0.005190319 0.003919643 0.004302798 0.007855703 0.004425774 0 0 0 0 0
>7962850 6 scaledmin = 0.1 scaledmax = 0.9
0.006286067 0.006999137 0.007106585 0.004231559 0.004839065 0.004029115 0.002314832 0.002466757 0.005215832 0.01278519 0.01866278 0.03206892 0.008160569 0.01188275 0.008883431 0.008761077 0.01345612 0.01581924 0.008004202 0.006895658 0.00788422 0.007501754 0.007239657 0.01314467 0.008141415 0.006015811 0.01870041 0.02186788 0.009325815 0.01029937 0.006771563 0.007678883 0.007517443 0.003159247 0.003864347 0.007246833 0.01515291 0.01278519 0.007678883 0.02292232 0.009385653 0.01515291 0.01515291 0.01870041 0.01044823 0.007678883 0.008722249 0.009385653 0.008722249 0.01385758 0.01278519 0.01515291 0.008722249 0.009385653 0.01385758 0.02976748 0.02292232 0.008722249 0.004149628 0.008688608 0.004914058 0.00454237 0.003819159 0.004911463 0.01870041 0.009385653 0.02292232 0.02976748 0.01385758 0.01111283 0.008160569 0.01188275 0.01044823 0.008503668 0.01385758 0.007261238 0.007678883 0.03308912 0.01314467 0.007517443 0.006572979 0.004297163 0.003244038 0.003569384 0.003494722 0.002560979 0.009002972 0.01323812 0.008688608 0.01380565 0.005827611 0.005932244 0.004908871 0.004087415 0.003352541 0 0 0 0 0
>7988200 6 scaledmin = 0.1 scaledmax = 0.9
0.007553757 0.006186072 0.009603935 0.004469678 0.01285679 0.006466887 0.00776655 0.005734116 0.006188171 0.01098286 0.02672472 0.01146555 0.009277992 0.01107366 0.00662659 0.007951135 0.004986058 0.005998418 0.005902226 0.02672472 0.0107136 0.01090994 0.01653062 0.01409223 0.01484947 0.009921728 0.005111155 0.005051403 0.014146 0.006188171 0.009505157 0.004967764 0.005839377 0.004967764 0.005051403 0.004004437 0.00776819 0.005500167 0.00746642 0.005197449 0.006243546 0.006491075 0.004570533 0.003962666 0.005971666 0.005921629 0.01302381 0.02063924 0.05235181 0.03791184 0.01870344 0.0198568 0.02942205 0.03961259 0.0114474 0.01655242 0.05073772 0.007858182 0.006778073 0.006260896 0.012084 0.01077157 0.00408393 0.003717241 0.004636234 0.004556998 0.00510948 0.005408661 0.005051403 0.005051403 0.01302381 0.01107366 0.009789864 0.007782989 0.01258705 0.008949298 0.01077157 0.006062421 0.005603927 0.005652942 0.003951115 0.003717241 0.00408393 0.01077157 0.00776538 0.005500167 0.004573199 0.005610055 0.008627874 0.005331132 0.007493802 0.009059561 0.005500167 0.007630642 0.005378391 0 0 0 0 0
>8216150 6 scaledmin = 0.1 scaledmax = 0.9
0.009501798 0.01015862 0.005301223 0.009194843 0.01142396 0.009971899 0.007969298 0.006216381 0.00486536 0.005341808 0.004704256 0.003986001 0.006029742 0.006702724 0.01667378 0.02072071 0.01140257 0.009207395 0.004255588 0.003372413 0.003971844 0.004419915 0.01605333 0.01201629 0.01085945 0.005393947 0.00669936 0.009185457 0.005525892 0.003921738 0.003318944 0.005296218 0.003221857 0.003461332 0.009553206 0.0107172 0.005418833 0.005000206 0.004496887 0.004126913 0.004808757 0.009185457 0.008935111 0.008023821 0.00594718 0.006902664 0.008615599 0.006969352 0.0107172 0.005418833 0.006321956 0.005445536 0.01123143 0.009675927 0.01015259 0.009649297 0.01277099 0.009740599 0.01310259 0.02824516 0.01142396 0.01505909 0.01660928 0.01996282 0.007937053 0.0148569 0.02407178 0.009194843 0.0111924 0.009706588 0.02407178 0.03362368 0.01461278 0.01786403 0.009207395 0.008935111 0.008682543 0.01085945 0.02396261 0.01605333 0.0107402 0.008615599 0.008993836 0.01857561 0.02225887 0.0138477 0.009501798 0.01219178 0.006394904 0.007482657 0.009549757 0.01015862 0.01553804 0.007561344 0.01559342 0 0 0 0 0
>8216200 6 scaledmin = 0.1 scaledmax = 0.9
0.004329601 0.003729384 0.00769186 0.006626574 0.00695302 0.006608336 0.008746233 0.006670864 0.008973332 0.01934374 0.007823719 0.01031324 0.01137489 0.01367157 0.005435703 0.01017477 0.0164856 0.006297102 0.007665131 0.006647572 0.0164856 0.02302723 0.01000758 0.01223421 0.006305699 0.006119224 0.005946253 0.007437109 0.01641083 0.01099415 0.007355445 0.005900406 0.006159442 0.01272153 0.01524402 0.009483619 0.006507321 0.008349559 0.00437956 0.005124509 0.006540166 0.006957149 0.01064125 0.005178398 0.01067918 0.005571875 0.007437109 0.004163846 0.007842125 0.02202784 0.01456161 0.02549867 0.02202784 0.01067918 0.006316486 0.007379235 0.02202784 0.07687599 0.02860589 0.02202784 0.02202784 0.01524402 0.01568837 0.01120203 0.02302723 0.007842125 0.006626574 0.008381887 0.008381887 0.005021148 0.01477888 0.004868113 0.00363055 0.003407484 0.005355713 0.00934136 0.02849501 0.00695302 0.007149476 0.006026346 0.01655268 0.004564303 0.003784415 0.004650234 0.002881028 0.005842785 0.006075753 0.00425433 0.002904141 0.003433534 0.003667761 0.003430099 0.004597301 0.004365116 0.004597301 0 0 0 0 0
