#pattern name	sequence name	start	stop	strand	score	p-value	q-value	matched sequence
1	1483575	264	282	+	23.2235	7.92e-10	2.71e-05	AACCGATAATCCGACTATC
1	1813075	247	265	-	20.9529	1.7e-08	0.00029	ACCTGTTCATATGACGAAT
1	1538675	225	243	-	19.2824	1.03e-07	0.000947	AGCTGAAAATATGAAAGTC
1	4792100	238	256	+	19.2118	1.11e-07	0.000947	AGATGTAAATATGACTCAT
1	4798225	248	266	+	18.6824	1.85e-07	0.00126	AGGCGTAAATATGACCGAT
1	7470575	264	282	+	17.8	4.13e-07	0.00236	AGATGTTCATCCCACGAAT
1	5111575	246	264	-	17.2353	6.72e-07	0.00329	GACCGATCATCGGAAATTC
1	4021575	255	273	+	16.6824	1.06e-06	0.00374	AACCGATGATCACACCGGC
1	284475	227	245	+	16.6588	1.08e-06	0.00374	CGGCGTTCATAGGACTATT
1	3340175	242	260	+	16.6	1.13e-06	0.00374	ATCCGATGATCCGATCGGA
1	7472425	261	279	+	16.5294	1.2e-06	0.00374	AAAGGATCAGATGACCAGC
1	1446675	228	246	-	16.4	1.33e-06	0.0038	ATGCATTCATATTAATGCT
1	4056750	252	270	-	15.9176	1.94e-06	0.0051	AACCGATAGTCCTACCTGC
1	3765675	308	326	+	15.5176	2.62e-06	0.00611	GTACGTTGATCGCACTTTC
1	7988200	245	263	-	15.4824	2.69e-06	0.00611	GACCGATGATCACACCGTC
1	2854150	193	211	+	15.3176	3.03e-06	0.00611	ATACGACCATCCGACAGGC
1	2854100	243	261	+	15.3176	3.03e-06	0.00611	ATACGACCATCCGACAGGC
1	3765675	304	322	-	15.0588	3.66e-06	0.00671	GTGCGATCAACGTACAATT
1	7962850	232	250	+	15.0353	3.72e-06	0.00671	ATGCGTGGATATTATCAGT
1	4171275	248	266	-	14.6353	4.94e-06	0.00846	AGTCGGTTATAGGACGAAC
1	1483575	268	286	-	14.3176	6.15e-06	0.01	GACGGATAGTCGGATTATC
1	1446675	227	245	+	13.9294	7.99e-06	0.012	GAGCATTAATATGAATGCA
1	3648850	241	259	+	13.7765	8.84e-06	0.012	GAAAGATGAAACGACAAGC
1	4776750	247	265	+	13.7059	9.25e-06	0.012	GTACGACAAAAGGAATAAA
1	2685875	246	264	-	13.6941	9.32e-06	0.012	GAATGGTTATCGGACCGTA
1	1574875	244	262	+	13.6706	9.47e-06	0.012	ATCGGATCAACAGATCGTC
1	1438525	270	288	+	13.6706	9.47e-06	0.012	AATTAAAAGTACTACTTTT
1	5970350	229	247	-	13.4	1.13e-05	0.0138	GACGATTAATCGGACATAA
1	1629350	231	249	-	13.2824	1.22e-05	0.0144	ATGGGATGAGATGATCGAC
1	4990825	237	255	-	13.0353	1.42e-05	0.0157	ATCCGATGCTCAGAAAGTA
1	8216200	212	230	-	12.9882	1.46e-05	0.0157	AGCTTGCGATCTGACCATC
1	8216150	262	280	-	12.9882	1.46e-05	0.0157	AGCTTGCGATCTGACCATC
1	5705225	251	269	+	12.9176	1.53e-05	0.0159	GGGTGATCGTAGGATTACT
1	1438525	274	292	-	12.8353	1.61e-05	0.0162	ACATAAAAGTAGTACTTTT
1	1574875	252	270	+	12.7412	1.7e-05	0.0167	AACAGATCGTCACACCACC
1	4171275	244	262	+	12.4588	2.02e-05	0.0192	AGCCGTTCGTCCTATAACC
1	4990825	245	263	-	11.9412	2.75e-05	0.0254	ATCCGTCAATCCGATGCTC
1	5370500	279	297	-	11.8471	2.9e-05	0.0261	ATCGGTTGAACTGACGCGT
1	6275525	254	272	-	11.7059	3.14e-05	0.0276	CCCCGTTCGTACGACTTAT
1	1483575	244	262	+	11.6235	3.29e-05	0.0276	AGGAGTTCGTCGGACAGGT
1	4990825	249	267	+	11.6	3.34e-05	0.0276	ATCGGATTGACGGATCATC
1	1629350	439	457	-	11.5765	3.38e-05	0.0276	AAGGGTCGATCTGATGGAC
1	2397475	257	275	-	11.0588	4.51e-05	0.0346	GTCTCATTGTCGTACGAAT
1	107775	240	258	+	11.0588	4.51e-05	0.0346	ACGCGTGCATATTAATCAC
1	5232875	243	261	-	11.0471	4.54e-05	0.0346	ATACCATCGTCGCACCACC
1	5705225	252	270	-	10.7529	5.33e-05	0.0397	AAGTAATCCTACGATCACC
1	7472425	262	280	-	10.6941	5.5e-05	0.0401	CGCTGGTCATCTGATCCTT
1	1438525	442	460	+	10.2235	7.04e-05	0.0498	AGACCACCATCGGACCGCT
1	5370500	283	301	+	10.2	7.12e-05	0.0498	GTCAGTTCAACCGATTACC
1	4021575	309	327	+	10.1412	7.34e-05	0.0499	GGCCGTGGATCAGACCGGT
1	7472425	173	191	-	10.1176	7.43e-05	0.0499	ACCCGATGAGCCGATAACC
1	4792100	472	490	+	10.0824	7.57e-05	0.0499	GAGCGTCAATCGCACAGGT
1	1483575	256	274	+	9.62353	9.54e-05	0.0617	GACAGGTCAACCGATAATC
1	5111575	234	252	+	9.52941	0.0001	0.0634	GATCGTTCCTCGGAATTTC
