#pattern name	sequence name	start	stop	strand	score	p-value	q-value	matched sequence
3	1294650	4	15	+	19.2391	1.24e-07	0.00217	GGGTTCAAATCC
3	4090850	9	20	+	19.2391	1.24e-07	0.00217	GGGTTCAAATCC
3	1294650	4	15	-	19.2391	1.24e-07	0.00217	GGATTTGAACCC
3	4090850	9	20	-	19.2391	1.24e-07	0.00217	GGATTTGAACCC
3	1294600	54	65	+	19.2391	1.24e-07	0.00217	GGGTTCAAATCC
3	1294600	54	65	-	19.2391	1.24e-07	0.00217	GGATTTGAACCC
3	2607075	94	105	+	19.2391	1.24e-07	0.00217	GGATTTGAACCC
3	2607075	94	105	-	19.2391	1.24e-07	0.00217	GGGTTCAAATCC
3	1294525	129	140	+	19.2391	1.24e-07	0.00217	GGGTTCAAATCC
3	1294525	129	140	-	19.2391	1.24e-07	0.00217	GGATTTGAACCC
3	1294450	204	215	+	19.2391	1.24e-07	0.00217	GGGTTCAAATCC
3	1294450	204	215	-	19.2391	1.24e-07	0.00217	GGATTTGAACCC
3	3306225	233	244	+	19.2391	1.24e-07	0.00217	GGATTTGAACCC
3	3306225	233	244	-	19.2391	1.24e-07	0.00217	GGGTTCAAATCC
3	3673125	282	293	+	19.2391	1.24e-07	0.00217	GGGTTCAAATCC
3	3673125	282	293	-	19.2391	1.24e-07	0.00217	GGATTTGAACCC
3	4090525	334	345	+	19.2391	1.24e-07	0.00217	GGGTTCAAATCC
3	4090525	334	345	-	19.2391	1.24e-07	0.00217	GGATTTGAACCC
3	3961325	201	212	+	18.8152	2.01e-07	0.00226	GGATTTGAACCT
3	3961325	201	212	-	18.8152	2.01e-07	0.00226	AGGTTCAAATCC
3	7066725	273	284	+	18.8152	2.01e-07	0.00226	AGGTTCAAATCC
3	4192900	282	293	+	18.8152	2.01e-07	0.00226	AGGTTCAAATCC
3	7066725	273	284	-	18.8152	2.01e-07	0.00226	GGATTTGAACCT
3	4192900	282	293	-	18.8152	2.01e-07	0.00226	GGATTTGAACCT
3	5234950	293	304	+	18.8152	2.01e-07	0.00226	AGGTTCAAATCC
3	7157275	295	306	+	18.8152	2.01e-07	0.00226	AGGTTCAAATCC
3	5234950	293	304	-	18.8152	2.01e-07	0.00226	GGATTTGAACCT
3	7157275	295	306	-	18.8152	2.01e-07	0.00226	GGATTTGAACCT
3	3610525	209	220	+	18.7935	2.84e-07	0.00263	GGATTCGAACCC
3	3610525	209	220	-	18.7935	2.84e-07	0.00263	GGGTTCGAATCC
3	4178950	267	278	+	18.7935	2.84e-07	0.00263	GGATTCGAACCC
3	4178950	267	278	-	18.7935	2.84e-07	0.00263	GGGTTCGAATCC
3	4178925	292	303	+	18.7935	2.84e-07	0.00263	GGATTCGAACCC
3	4178925	292	303	-	18.7935	2.84e-07	0.00263	GGGTTCGAATCC
3	4090875	313	324	+	18.3696	4.57e-07	0.00343	AGGTTCGAATCC
3	4682500	317	328	+	18.3696	4.57e-07	0.00343	AGGTTCGAATCC
3	4090875	313	324	-	18.3696	4.57e-07	0.00343	GGATTCGAACCT
3	4682500	317	328	-	18.3696	4.57e-07	0.00343	GGATTCGAACCT
3	4090850	338	349	+	18.3696	4.57e-07	0.00343	AGGTTCGAATCC
3	4682475	342	353	+	18.3696	4.57e-07	0.00343	AGGTTCGAATCC
3	4090850	338	349	-	18.3696	4.57e-07	0.00343	GGATTCGAACCT
3	4682475	342	353	-	18.3696	4.57e-07	0.00343	GGATTCGAACCT
3	1086975	270	281	+	16.6848	1.25e-06	0.00892	GGGTTTGAATTC
3	1086975	270	281	-	16.6848	1.25e-06	0.00892	GAATTCAAACCC
3	5671025	16	27	+	16.1304	2.19e-06	0.00946	CGGTTCGAATCC
3	5671025	16	27	-	16.1304	2.19e-06	0.00946	GGATTCGAACCG
3	5670975	66	77	+	16.1304	2.19e-06	0.00946	CGGTTCGAATCC
3	5670975	66	77	-	16.1304	2.19e-06	0.00946	GGATTCGAACCG
3	5671100	98	109	+	16.1304	2.19e-06	0.00946	CGGTTCGAATCC
3	5671100	98	109	-	16.1304	2.19e-06	0.00946	GGATTCGAACCG
3	5671025	173	184	+	16.1304	2.19e-06	0.00946	CGGTTCGAATCC
3	5671025	173	184	-	16.1304	2.19e-06	0.00946	GGATTCGAACCG
3	5670975	223	234	+	16.1304	2.19e-06	0.00946	CGGTTCGAATCC
3	5670975	223	234	-	16.1304	2.19e-06	0.00946	GGATTCGAACCG
3	5670750	291	302	+	16.1304	2.19e-06	0.00946	CGGTTCGAATCC
3	5671100	294	305	+	16.1304	2.19e-06	0.00946	CGGTTCGAATCC
3	5670750	291	302	-	16.1304	2.19e-06	0.00946	GGATTCGAACCG
3	5671100	294	305	-	16.1304	2.19e-06	0.00946	GGATTCGAACCG
3	5670725	316	327	+	16.1304	2.19e-06	0.00946	CGGTTCGAATCC
3	5670725	316	327	-	16.1304	2.19e-06	0.00946	GGATTCGAACCG
3	5671025	369	380	+	16.1304	2.19e-06	0.00946	CGGTTCGAATCC
3	5671025	369	380	-	16.1304	2.19e-06	0.00946	GGATTCGAACCG
3	5670975	419	430	+	16.1304	2.19e-06	0.00946	CGGTTCGAATCC
3	5670975	419	430	-	16.1304	2.19e-06	0.00946	GGATTCGAACCG
3	5670750	448	459	+	16.1304	2.19e-06	0.00946	CGGTTCGAATCC
3	5670750	448	459	-	16.1304	2.19e-06	0.00946	GGATTCGAACCG
3	5670725	473	484	+	16.1304	2.19e-06	0.00946	CGGTTCGAATCC
3	5670725	473	484	-	16.1304	2.19e-06	0.00946	GGATTCGAACCG
3	1294525	19	30	+	15.8152	2.94e-06	0.00946	GAGTTCGAATCT
3	1294525	19	30	-	15.8152	2.94e-06	0.00946	AGATTCGAACTC
3	1294450	94	105	+	15.8152	2.94e-06	0.00946	GAGTTCGAATCT
3	1294450	94	105	-	15.8152	2.94e-06	0.00946	AGATTCGAACTC
3	584450	141	152	+	15.8152	2.94e-06	0.00946	GGACTTGAACCC
3	584450	141	152	-	15.8152	2.94e-06	0.00946	GGGTTCAAGTCC
3	4178950	153	164	+	15.8152	2.94e-06	0.00946	GGACTTGAACCC
3	4157200	154	165	+	15.8152	2.94e-06	0.00946	AGATTCGAACTC
3	4178950	153	164	-	15.8152	2.94e-06	0.00946	GGGTTCAAGTCC
3	4157200	154	165	-	15.8152	2.94e-06	0.00946	GAGTTCGAATCT
3	4178925	178	189	+	15.8152	2.94e-06	0.00946	GGACTTGAACCC
3	4153050	187	198	+	15.8152	2.94e-06	0.00946	AGATTCGAACTC
3	4178925	178	189	-	15.8152	2.94e-06	0.00946	GGGTTCAAGTCC
3	584400	191	202	+	15.8152	2.94e-06	0.00946	GGACTTGAACCC
3	4694050	196	207	+	15.8152	2.94e-06	0.00946	GGGTTCAAGTCC
3	4153050	187	198	-	15.8152	2.94e-06	0.00946	GAGTTCGAATCT
3	584400	191	202	-	15.8152	2.94e-06	0.00946	GGGTTCAAGTCC
3	1433375	205	216	+	15.8152	2.94e-06	0.00946	GGGTTCAAGTCC
3	4694050	196	207	-	15.8152	2.94e-06	0.00946	GGACTTGAACCC
3	4144025	212	223	+	15.8152	2.94e-06	0.00946	AGATTCGAACTC
3	1433375	205	216	-	15.8152	2.94e-06	0.00946	GGACTTGAACCC
3	4694025	221	232	+	15.8152	2.94e-06	0.00946	GGGTTCAAGTCC
3	4144025	212	223	-	15.8152	2.94e-06	0.00946	GAGTTCGAATCT
3	4694025	221	232	-	15.8152	2.94e-06	0.00946	GGACTTGAACCC
3	1433300	280	291	+	15.8152	2.94e-06	0.00946	GGGTTCAAGTCC
3	6967475	282	293	+	15.8152	2.94e-06	0.00946	GGGTTCAAGTCC
3	1433300	280	291	-	15.8152	2.94e-06	0.00946	GGACTTGAACCC
3	6967475	282	293	-	15.8152	2.94e-06	0.00946	GGACTTGAACCC
3	1433250	330	341	+	15.8152	2.94e-06	0.00946	GGGTTCAAGTCC
3	1433250	330	341	-	15.8152	2.94e-06	0.00946	GGACTTGAACCC
3	3757875	303	314	+	15.587	3.55e-06	0.0108	GGGTTCGATTCC
3	3757875	303	314	-	15.587	3.55e-06	0.0108	GGAATCGAACCC
3	3757850	328	339	+	15.587	3.55e-06	0.0108	GGGTTCGATTCC
3	2607075	337	348	+	15.587	3.55e-06	0.0108	GGGTTCGATTCC
3	3757850	328	339	-	15.587	3.55e-06	0.0108	GGAATCGAACCC
3	2607075	337	348	-	15.587	3.55e-06	0.0108	GGAATCGAACCC
3	2854150	59	70	+	15.3804	4.11e-06	0.012	GGGTTCGAACTC
3	2854150	59	70	-	15.3804	4.11e-06	0.012	GAGTTCGAACCC
3	2854100	109	120	+	15.3804	4.11e-06	0.012	GGGTTCGAACTC
3	2854100	109	120	-	15.3804	4.11e-06	0.012	GAGTTCGAACCC
3	2425275	133	144	+	15.3696	4.57e-06	0.0126	GGACTCGAACCC
3	2425275	133	144	-	15.3696	4.57e-06	0.0126	GGGTTCGAGTCC
3	2854150	327	338	+	15.3696	4.57e-06	0.0126	GGGTTCGAGTCC
3	2854150	327	338	-	15.3696	4.57e-06	0.0126	GGACTCGAACCC
3	2854100	377	388	+	15.3696	4.57e-06	0.0126	GGGTTCGAGTCC
3	2854100	377	388	-	15.3696	4.57e-06	0.0126	GGACTCGAACCC
3	3014450	142	153	+	15.2717	4.87e-06	0.0132	CGGTTCGAACCC
3	3014450	142	153	-	15.2717	4.87e-06	0.0132	GGGTTCGAACCG
3	5671100	192	203	+	14.9457	6.38e-06	0.0165	AGGTTCGAGTCC
3	5671100	192	203	-	14.9457	6.38e-06	0.0165	GGACTCGAACCT
3	5671025	267	278	+	14.9457	6.38e-06	0.0165	AGGTTCGAGTCC
3	5671025	267	278	-	14.9457	6.38e-06	0.0165	GGACTCGAACCT
3	5670975	317	328	+	14.9457	6.38e-06	0.0165	AGGTTCGAGTCC
3	5670975	317	328	-	14.9457	6.38e-06	0.0165	GGACTCGAACCT
3	1877775	307	318	+	14.5109	8.35e-06	0.0209	GGGTTCGAAACC
3	1877775	307	318	-	14.5109	8.35e-06	0.0209	GGTTTCGAACCC
3	5215400	367	378	+	14.5109	8.35e-06	0.0209	GGGCTCGAACCC
3	5215400	367	378	-	14.5109	8.35e-06	0.0209	GGGTTCGAGCCC
3	5695000	465	476	+	14.0109	1.02e-05	0.0228	GGATTCAAGTCG
3	5695000	465	476	-	14.0109	1.02e-05	0.0228	CGACTTGAATCC
3	2425575	73	84	+	13.7717	1.13e-05	0.0228	GGACTCGAACCA
3	2425575	73	84	-	13.7717	1.13e-05	0.0228	TGGTTCGAGTCC
3	2425525	123	134	+	13.7717	1.13e-05	0.0228	GGACTCGAACCA
3	2425525	123	134	-	13.7717	1.13e-05	0.0228	TGGTTCGAGTCC
3	2425575	151	162	+	13.7717	1.13e-05	0.0228	GGACTCGAACCA
3	2425575	151	162	-	13.7717	1.13e-05	0.0228	TGGTTCGAGTCC
3	5670750	175	186	+	13.7717	1.13e-05	0.0228	TGGTTCGAGTCC
3	5670750	175	186	-	13.7717	1.13e-05	0.0228	GGACTCGAACCA
3	5670725	200	211	+	13.7717	1.13e-05	0.0228	TGGTTCGAGTCC
3	2425525	201	212	+	13.7717	1.13e-05	0.0228	GGACTCGAACCA
3	5670725	200	211	-	13.7717	1.13e-05	0.0228	GGACTCGAACCA
3	2425525	201	212	-	13.7717	1.13e-05	0.0228	TGGTTCGAGTCC
3	2425425	223	234	+	13.7717	1.13e-05	0.0228	GGACTCGAACCA
3	2425425	223	234	-	13.7717	1.13e-05	0.0228	TGGTTCGAGTCC
3	2425425	301	312	+	13.7717	1.13e-05	0.0228	GGACTCGAACCA
3	2425425	301	312	-	13.7717	1.13e-05	0.0228	TGGTTCGAGTCC
3	2425275	373	384	+	13.7717	1.13e-05	0.0228	GGACTCGAACCA
3	2425275	373	384	-	13.7717	1.13e-05	0.0228	TGGTTCGAGTCC
3	2425275	451	462	+	13.7717	1.13e-05	0.0228	GGACTCGAACCA
3	2425275	451	462	-	13.7717	1.13e-05	0.0228	TGGTTCGAGTCC
3	1294650	80	91	+	13.5761	1.23e-05	0.0228	TGGTTCAATCCC
3	1294650	80	91	-	13.5761	1.23e-05	0.0228	GGGATTGAACCA
3	1294600	130	141	+	13.5761	1.23e-05	0.0228	TGGTTCAATCCC
3	1294600	130	141	-	13.5761	1.23e-05	0.0228	GGGATTGAACCA
3	1294650	191	202	+	13.5761	1.23e-05	0.0228	TGGTTCAATCCC
3	1294650	191	202	-	13.5761	1.23e-05	0.0228	GGGATTGAACCA
3	1294525	205	216	+	13.5761	1.23e-05	0.0228	TGGTTCAATCCC
3	1294525	205	216	-	13.5761	1.23e-05	0.0228	GGGATTGAACCA
3	1294600	241	252	+	13.5761	1.23e-05	0.0228	TGGTTCAATCCC
3	1294600	241	252	-	13.5761	1.23e-05	0.0228	GGGATTGAACCA
3	1294450	280	291	+	13.5761	1.23e-05	0.0228	TGGTTCAATCCC
3	1294450	280	291	-	13.5761	1.23e-05	0.0228	GGGATTGAACCA
3	1294650	304	315	+	13.5761	1.23e-05	0.0228	TGGTTCAATCCC
3	1294650	304	315	-	13.5761	1.23e-05	0.0228	GGGATTGAACCA
3	1294525	316	327	+	13.5761	1.23e-05	0.0228	TGGTTCAATCCC
3	1294525	316	327	-	13.5761	1.23e-05	0.0228	GGGATTGAACCA
3	1294600	354	365	+	13.5761	1.23e-05	0.0228	TGGTTCAATCCC
3	1294600	354	365	-	13.5761	1.23e-05	0.0228	GGGATTGAACCA
3	1294450	391	402	+	13.5761	1.23e-05	0.0228	TGGTTCAATCCC
3	1294450	391	402	-	13.5761	1.23e-05	0.0228	GGGATTGAACCA
3	1294525	429	440	+	13.5761	1.23e-05	0.0228	TGGTTCAATCCC
3	1294525	429	440	-	13.5761	1.23e-05	0.0228	GGGATTGAACCA
3	4685050	183	194	+	13.1522	1.54e-05	0.0276	CGGTTCAAGTCC
3	4685050	183	194	-	13.1522	1.54e-05	0.0276	GGACTTGAACCG
3	4684950	283	294	+	13.1522	1.54e-05	0.0276	CGGTTCAAGTCC
3	4684950	283	294	-	13.1522	1.54e-05	0.0276	GGACTTGAACCG
3	4684900	333	344	+	13.1522	1.54e-05	0.0276	CGGTTCAAGTCC
3	4684900	333	344	-	13.1522	1.54e-05	0.0276	GGACTTGAACCG
3	2549875	211	222	+	13.0543	1.59e-05	0.0276	AGAATTGAACTC
3	2549875	211	222	-	13.0543	1.59e-05	0.0276	GAGTTCAATTCT
3	2545475	266	277	+	13.0543	1.59e-05	0.0276	AGAATTGAACTC
3	2545475	266	277	-	13.0543	1.59e-05	0.0276	GAGTTCAATTCT
3	2545450	291	302	+	13.0543	1.59e-05	0.0276	AGAATTGAACTC
3	2545450	291	302	-	13.0543	1.59e-05	0.0276	GAGTTCAATTCT
3	4685050	67	78	+	12.9239	1.69e-05	0.028	CGGTTCGATTCC
3	4685050	67	78	-	12.9239	1.69e-05	0.028	GGAATCGAACCG
3	4684950	167	178	+	12.9239	1.69e-05	0.028	CGGTTCGATTCC
3	4684950	167	178	-	12.9239	1.69e-05	0.028	GGAATCGAACCG
3	4684900	217	228	+	12.9239	1.69e-05	0.028	CGGTTCGATTCC
3	4684900	217	228	-	12.9239	1.69e-05	0.028	GGAATCGAACCG
3	4684700	417	428	+	12.9239	1.69e-05	0.028	CGGTTCGATTCC
3	4684700	417	428	-	12.9239	1.69e-05	0.028	GGAATCGAACCG
3	4220075	229	240	+	12.8152	1.83e-05	0.0301	AGGTTTGTATCT
3	4220075	229	240	-	12.8152	1.83e-05	0.0301	AGATACAAACCT
3	3147525	89	100	+	12.7065	2.04e-05	0.0324	GGACTCGAACCG
3	3147525	89	100	-	12.7065	2.04e-05	0.0324	CGGTTCGAGTCC
3	3147425	189	200	+	12.7065	2.04e-05	0.0324	GGACTCGAACCG
3	3147425	189	200	-	12.7065	2.04e-05	0.0324	CGGTTCGAGTCC
3	5002275	487	498	+	12.7065	2.04e-05	0.0324	CGTTTCGAATCC
3	5002275	487	498	-	12.7065	2.04e-05	0.0324	GGATTCGAAACG
3	6058825	21	32	+	12.4891	2.2e-05	0.0342	TGGTTCGAGCCT
3	6058825	21	32	-	12.4891	2.2e-05	0.0342	AGGCTCGAACCA
3	3147525	121	132	+	12.4239	2.22e-05	0.0342	AGGTTTAAGCTC
3	3147525	121	132	-	12.4239	2.22e-05	0.0342	GAGCTTAAACCT
3	3147425	221	232	+	12.4239	2.22e-05	0.0342	AGGTTTAAGCTC
3	3147425	221	232	-	12.4239	2.22e-05	0.0342	GAGCTTAAACCT
3	4956850	265	276	+	12.087	2.72e-05	0.0416	CGGATCAAACCT
3	4956850	265	276	-	12.087	2.72e-05	0.0416	AGGTTTGATCCG
3	2339300	238	249	+	11.8478	3.24e-05	0.0491	GGTTTCGAACCG
3	2339300	238	249	-	11.8478	3.24e-05	0.0491	CGGTTCGAAACC
3	2573200	179	190	+	11.3043	3.99e-05	0.0599	GGGATCGAAACC
3	2573200	179	190	-	11.3043	3.99e-05	0.0599	GGTTTCGATCCC
3	5002275	440	451	+	10.4891	5.29e-05	0.0786	CGGTTTGAGTCG
3	5002275	440	451	-	10.4891	5.29e-05	0.0786	CGACTCAAACCG
3	6508300	481	492	+	10.3913	5.4e-05	0.0795	GGAATTAAGCCG
3	6508300	481	492	-	10.3913	5.4e-05	0.0795	CGGCTTAATTCC
3	4906850	174	185	+	10.1522	6.06e-05	0.0885	CGGCTCGAATTC
3	4906850	174	185	-	10.1522	6.06e-05	0.0885	GAATTCGAGCCG
3	1148775	480	491	+	10.0543	6.21e-05	0.0898	GGGATCAAGTTC
3	1148775	480	491	-	10.0543	6.21e-05	0.0898	GAACTTGATCCC
3	2466150	119	130	+	9.71739	7.24e-05	0.104	TGAAATGAATCC
3	2466150	119	130	-	9.71739	7.24e-05	0.104	GGATTCATTTCA
3	4212500	458	469	+	9.51087	7.71e-05	0.109	CGGTTCGATCTC
3	4212500	458	469	-	9.51087	7.71e-05	0.109	GAGATCGAACCG
3	3940425	297	308	+	9.30435	8.51e-05	0.119	GGATTCACATCC
3	3940425	297	308	-	9.30435	8.51e-05	0.119	GGATGTGAATCC
3	3940375	347	358	+	9.30435	8.51e-05	0.119	GGATTCACATCC
3	3940375	347	358	-	9.30435	8.51e-05	0.119	GGATGTGAATCC
3	5479300	342	353	+	9.29348	8.64e-05	0.119	GGGTTCGAGCTG
3	5479300	342	353	-	9.29348	8.64e-05	0.119	CAGCTCGAACCC
3	4741600	454	465	+	9.20652	8.87e-05	0.122	AAGATCAAGTCT
3	4741600	454	465	-	9.20652	8.87e-05	0.122	AGACTTGATCTT
3	4980625	317	328	+	9.08696	9.31e-05	0.125	GGACATAAACCA
3	4980625	317	328	-	9.08696	9.31e-05	0.125	TGGTTTATGTCC
3	284475	376	387	+	9.08696	9.31e-05	0.125	CGGCTCAATCCC
3	284475	376	387	-	9.08696	9.31e-05	0.125	GGGATTGAGCCG
3	3973800	151	162	+	9	9.49e-05	0.127	TGGTTCAAGTTG
3	3973800	151	162	-	9	9.49e-05	0.127	CAACTTGAACCA
3	6467875	195	206	+	8.96739	9.68e-05	0.128	GGACTCAAGACC
3	6467875	195	206	-	8.96739	9.68e-05	0.128	GGTCTTGAGTCC
3	3961325	126	137	+	8.8913	9.95e-05	0.131	AGCTTCAAACCT
3	3961325	126	137	-	8.8913	9.95e-05	0.131	AGGTTTGAAGCT
