#pattern name	sequence name	start	stop	strand	score	p-value	q-value	matched sequence
1	3340175	240	258	+	19.8111	1.24e-08	0.000211	CGATCCGATGATCCGATCG
1	3340175	240	258	-	19.8111	1.24e-08	0.000211	CGATCGGATCATCGGATCG
1	1574875	242	260	+	18.9556	4.18e-08	0.000355	CGATCGGATCAACAGATCG
1	1574875	242	260	-	18.9556	4.18e-08	0.000355	CGATCTGTTGATCCGATCG
1	1483575	262	280	+	16.8444	4.92e-07	0.00278	TCAACCGATAATCCGACTA
1	1483575	262	280	-	16.8444	4.92e-07	0.00278	TAGTCGGATTATCGGTTGA
1	2854150	191	209	+	16.1444	1.01e-06	0.00342	TGATACGACCATCCGACAG
1	2854150	191	209	-	16.1444	1.01e-06	0.00342	CTGTCGGATGGTCGTATCA
1	2854100	241	259	+	16.1444	1.01e-06	0.00342	TGATACGACCATCCGACAG
1	2854100	241	259	-	16.1444	1.01e-06	0.00342	CTGTCGGATGGTCGTATCA
1	4021575	253	271	+	15.8444	1.34e-06	0.00379	CGAACCGATGATCACACCG
1	4021575	253	271	-	15.8444	1.34e-06	0.00379	CGGTGTGATCATCGGTTCG
1	3648850	239	257	+	15.4333	1.97e-06	0.00472	CGGAAAGATGAAACGACAA
1	3648850	239	257	-	15.4333	1.97e-06	0.00472	TTGTCGTTTCATCTTTCCG
1	7470575	259	277	+	15.3	2.22e-06	0.00472	TGAACAGATGTTCATCCCA
1	7470575	259	277	-	15.3	2.22e-06	0.00472	TGGGATGAACATCTGTTCA
1	1629350	233	251	+	14.3889	4.93e-06	0.00854	CGATCATCTCATCCCATCA
1	1629350	233	251	-	14.3889	4.93e-06	0.00854	TGATGGGATGAGATGATCG
1	7988200	247	265	+	14.3667	5.03e-06	0.00854	CGGTGTGATCATCGGTCCG
1	7988200	247	265	-	14.3667	5.03e-06	0.00854	CGGACCGATGATCACACCG
1	1574875	250	268	+	14.1111	6.24e-06	0.00963	TCAACAGATCGTCACACCA
1	1574875	250	268	-	14.1111	6.24e-06	0.00963	TGGTGTGACGATCTGTTGA
1	3765675	306	324	+	13.9556	7.08e-06	0.01	TTGTACGTTGATCGCACTT
1	3765675	306	324	-	13.9556	7.08e-06	0.01	AAGTGCGATCAACGTACAA
1	5370500	281	299	+	13.7556	8.31e-06	0.0109	GCGTCAGTTCAACCGATTA
1	5370500	281	299	-	13.7556	8.31e-06	0.0109	TAATCGGTTGAACTGACGC
1	4056750	254	272	+	13.4778	1.04e-05	0.0119	AGGTAGGACTATCGGTTCG
1	4056750	254	272	-	13.4778	1.04e-05	0.0119	CGAACCGATAGTCCTACCT
1	5111575	248	266	+	13.4556	1.05e-05	0.0119	ATTTCCGATGATCGGTCCG
1	5111575	248	266	-	13.4556	1.05e-05	0.0119	CGGACCGATCATCGGAAAT
1	1438525	272	290	+	13.2778	1.21e-05	0.0129	TTAAAAGTACTACTTTTAT
1	1438525	272	290	-	13.2778	1.21e-05	0.0129	ATAAAAGTAGTACTTTTAA
1	4990825	247	265	+	13.1444	1.34e-05	0.0134	GCATCGGATTGACGGATCA
1	4990825	247	265	-	13.1444	1.34e-05	0.0134	TGATCCGTCAATCCGATGC
1	7472425	259	277	+	12.5667	2.07e-05	0.0191	AAAAAGGATCAGATGACCA
1	7472425	259	277	-	12.5667	2.07e-05	0.0191	TGGTCATCTGATCCTTTTT
1	4171275	242	260	+	12.5222	2.14e-05	0.0191	CAAGCCGTTCGTCCTATAA
1	4171275	242	260	-	12.5222	2.14e-05	0.0191	TTATAGGACGAACGGCTTG
1	7962850	243	261	+	12.3667	2.39e-05	0.0203	TTATCAGTAAGTAATTTAC
1	7962850	243	261	-	12.3667	2.39e-05	0.0203	GTAAATTACTTACTGATAA
1	1483575	270	288	+	12.2778	2.55e-05	0.0206	TAATCCGACTATCCGTCAC
1	1483575	270	288	-	12.2778	2.55e-05	0.0206	GTGACGGATAGTCGGATTA
1	4776750	253	271	+	12.0778	2.95e-05	0.0227	CAAAAGGAATAAACGATGG
1	4776750	253	271	-	12.0778	2.95e-05	0.0227	CCATCGTTTATTCCTTTTG
1	8216200	206	224	+	11.9	3.33e-05	0.0236	GGGGAAGATGGTCAGATCG
1	8216200	206	224	-	11.9	3.33e-05	0.0236	CGATCTGACCATCTTCCCC
1	8216150	256	274	+	11.9	3.33e-05	0.0236	GGGGAAGATGGTCAGATCG
1	8216150	256	274	-	11.9	3.33e-05	0.0236	CGATCTGACCATCTTCCCC
1	1629350	441	459	+	11.5667	4.2e-05	0.0286	CCATCAGATCGACCCTTCG
1	1629350	441	459	-	11.5667	4.2e-05	0.0286	CGAAGGGTCGATCTGATGG
1	4990825	255	273	+	11.3556	4.84e-05	0.0307	TTGACGGATCATCAAAAAG
1	4990825	255	273	-	11.3556	4.84e-05	0.0307	CTTTTTGATGATCCGTCAA
1	2397475	259	277	+	11.3222	4.95e-05	0.0307	TCGTACGACAATGAGACCA
1	2397475	259	277	-	11.3222	4.95e-05	0.0307	TGGTCTCATTGTCGTACGA
1	4792100	233	251	+	11.2889	5.06e-05	0.0307	TAAGTAGATGTAAATATGA
1	4792100	233	251	-	11.2889	5.06e-05	0.0307	TCATATTTACATCTACTTA
1	3340175	248	266	+	11.1556	5.54e-05	0.0319	TGATCCGATCGGAAGCTCA
1	3340175	248	266	-	11.1556	5.54e-05	0.0319	TGAGCTTCCGATCGGATCA
1	5970350	231	249	+	11.1333	5.62e-05	0.0319	ATGTCCGATTAATCGTCAA
1	5970350	231	249	-	11.1333	5.62e-05	0.0319	TTGACGATTAATCGGACAT
1	1483575	254	272	+	10.9778	6.23e-05	0.0341	CGGACAGGTCAACCGATAA
1	1483575	254	272	-	10.9778	6.23e-05	0.0341	TTATCGGTTGACCTGTCCG
1	7472425	251	269	+	10.9222	6.45e-05	0.0343	TGGTCATGAAAAAGGATCA
1	7472425	251	269	-	10.9222	6.45e-05	0.0343	TGATCCTTTTTCATGACCA
1	4798225	246	264	+	10.6556	7.68e-05	0.0395	CTAGGCGTAAATATGACCG
1	4798225	246	264	-	10.6556	7.68e-05	0.0395	CGGTCATATTTACGCCTAG
1	4776750	245	263	+	10.5333	8.3e-05	0.0415	TCGTACGACAAAAGGAATA
1	4776750	245	263	-	10.5333	8.3e-05	0.0415	TATTCCTTTTGTCGTACGA
